10	0.2	3	0.2	1
10	0.2	3	0.3	1
10	0.2	4	0.2	50
10	0.2	4	0.3	18
10	0.2	5	0.1	7
10	0.2	5	0.2	205
10	0.2	5	0.3	71
10	0.2	5	0.4	2
10	0.2	6	0.1	32
10	0.2	6	0.2	291
10	0.2	6	0.3	89
10	0.2	6	0.4	3
10	0.2	7	0.1	52
10	0.2	7	0.2	534
10	0.2	7	0.3	132
10	0.2	7	0.4	14
10	0.2	7	0.5	4
10	0.2	8	0.1	235
10	0.2	8	0.2	1096
10	0.2	8	0.3	208
10	0.2	8	0.4	3
10	0.2	9	0.1	324
10	0.2	9	0.2	1758
10	0.2	9	0.3	353
10	0.2	9	0.4	15
10	0.2	10	0.1	259
10	0.2	10	0.2	2312
10	0.2	10	0.3	374
10	0.2	10	0.4	16
10	0.2	11	0.1	273
10	0.2	11	0.2	1790
10	0.2	11	0.3	234
10	0.2	11	0.4	3
10	0.2	12	0.1	117
10	0.2	12	0.2	829
10	0.2	12	0.3	120
10	0.2	13	0.1	74
10	0.2	13	0.2	320
10	0.2	13	0.3	47
10	0.2	14	0.1	101
10	0.2	14	0.2	157
10	0.2	14	0.3	24
10	0.2	15	0.1	83
10	0.2	15	0.2	55
10	0.2	15	0.3	14
10	0.2	16	0.1	19
10	0.2	16	0.2	26
10	0.2	16	0.3	2
10	0.2	17	0.1	13
10	0.2	17	0.2	9
10	0.2	18	0.1	21
10	0.2	18	0.2	1
10	0.2	19	0.1	9
10	0.3	3	0.2	2
10	0.3	3	0.3	1
10	0.3	4	0.2	4
10	0.3	4	0.3	26
10	0.3	5	0.2	30
10	0.3	5	0.3	221
10	0.3	5	0.4	13
10	0.3	6	0.2	45
10	0.3	6	0.3	522
10	0.3	6	0.4	72
10	0.3	7	0.2	94
10	0.3	7	0.3	1163
10	0.3	7	0.4	145
10	0.3	8	0.2	78
10	0.3	8	0.3	2740
10	0.3	8	0.4	154
10	0.3	9	0.2	292
10	0.3	9	0.3	3595
10	0.3	9	0.4	129
10	0.3	10	0.2	323
10	0.3	10	0.3	2280
10	0.3	10	0.4	81
10	0.3	11	0.2	44
10	0.3	11	0.3	593
10	0.3	11	0.4	54
10	0.3	12	0.2	6
10	0.3	12	0.3	81
10	0.3	12	0.4	5
10	0.3	13	0.3	7
10	0.4	4	0.4	6
10	0.4	4	0.5	2
10	0.4	5	0.3	1
10	0.4	5	0.4	29
10	0.4	5	0.5	8
10	0.4	6	0.4	47
10	0.4	6	0.5	5
10	0.4	7	0.3	24
10	0.4	7	0.4	218
10	0.4	7	0.5	44
10	0.4	7	0.6	3
10	0.4	8	0.3	127
10	0.4	8	0.4	1192
10	0.4	8	0.5	327
10	0.4	8	0.6	28
10	0.4	9	0.3	274
10	0.4	9	0.4	1475
10	0.4	9	0.5	385
10	0.4	9	0.6	16
10	0.4	10	0.3	873
10	0.4	10	0.4	2226
10	0.4	10	0.5	390
10	0.4	10	0.6	33
10	0.4	11	0.3	805
10	0.4	11	0.4	2038
10	0.4	11	0.5	204
10	0.4	11	0.6	34
10	0.4	12	0.3	217
10	0.4	12	0.4	867
10	0.4	12	0.5	115
10	0.4	12	0.6	7
10	0.4	13	0.3	81
10	0.4	13	0.4	306
10	0.4	13	0.5	69
10	0.4	14	0.3	57
10	0.4	14	0.4	104
10	0.4	14	0.5	6
10	0.4	14	0.6	1
10	0.4	15	0.3	43
10	0.4	15	0.4	41
10	0.4	15	0.5	1
10	0.4	16	0.3	31
10	0.4	16	0.4	7
10	0.4	16	0.5	1
10	0.4	17	0.2	1
10	0.4	17	0.3	28
10	0.4	18	0.3	3
10	0.5	2	0.5	2
10	0.5	3	0.4	10
10	0.5	3	0.5	229
10	0.5	3	0.6	34
10	0.5	4	0.4	4
10	0.5	4	0.5	150
10	0.5	4	0.6	81
10	0.5	5	0.4	4
10	0.5	5	0.5	80
10	0.5	5	0.6	42
10	0.5	6	0.4	9
10	0.5	6	0.5	309
10	0.5	6	0.6	110
10	0.5	6	0.7	1
10	0.5	7	0.3	1
10	0.5	7	0.4	70
10	0.5	7	0.5	1773
10	0.5	7	0.6	197
10	0.5	8	0.3	1
10	0.5	8	0.4	104
10	0.5	8	0.5	2670
10	0.5	8	0.6	259
10	0.5	9	0.3	2
10	0.5	9	0.4	175
10	0.5	9	0.5	2288
10	0.5	9	0.6	304
10	0.5	10	0.3	1
10	0.5	10	0.4	273
10	0.5	10	0.5	2645
10	0.5	10	0.6	313
10	0.5	11	0.4	74
10	0.5	11	0.5	433
10	0.5	11	0.6	43
10	0.5	12	0.4	1
10	0.5	12	0.5	36
10	0.5	12	0.6	9
10	0.5	13	0.5	5
10	0.5	13	0.6	12
10	0.5	14	0.5	1
10	0.5	14	0.6	11
10	0.5	15	0.6	23
10	0.5	16	0.5	2
10	0.5	16	0.6	9
10	0.6	3	0.5	49
10	0.6	3	0.6	6
10	0.6	4	0.5	41
10	0.6	4	0.6	12
10	0.6	5	0.5	33
10	0.6	5	0.6	11
10	0.6	6	0.4	8
10	0.6	6	0.5	78
10	0.6	6	0.6	20
10	0.6	6	0.7	1
10	0.6	7	0.4	11
10	0.6	7	0.5	583
10	0.6	7	0.6	63
10	0.6	8	0.4	23
10	0.6	8	0.5	850
10	0.6	8	0.6	130
10	0.6	9	0.4	17
10	0.6	9	0.5	684
10	0.6	9	0.6	170
10	0.6	10	0.4	20
10	0.6	10	0.5	572
10	0.6	10	0.6	184
10	0.6	11	0.4	9
10	0.6	11	0.5	205
10	0.6	11	0.6	42
10	0.6	12	0.4	1
10	0.6	12	0.5	94
10	0.6	12	0.6	26
10	0.6	13	0.4	1
10	0.6	13	0.5	33
10	0.6	13	0.6	5
10	0.6	14	0.5	12
10	0.6	14	0.6	2
10	0.6	15	0.5	4
10	0.7	3	0.6	7
10	0.7	3	0.7	8
10	0.7	4	0.5	5
10	0.7	4	0.6	123
10	0.7	4	0.7	70
10	0.7	5	0.5	1
10	0.7	5	0.6	56
10	0.7	5	0.7	331
10	0.7	5	0.8	5
10	0.7	6	0.5	1
10	0.7	6	0.6	225
10	0.7	6	0.7	1606
10	0.7	6	0.8	32
10	0.7	7	0.5	3
10	0.7	7	0.6	346
10	0.7	7	0.7	3152
10	0.7	7	0.8	38
10	0.7	8	0.5	2
10	0.7	8	0.6	242
10	0.7	8	0.7	3125
10	0.7	8	0.8	36
10	0.7	9	0.5	1
10	0.7	9	0.6	143
10	0.7	9	0.7	1677
10	0.7	9	0.8	22
10	0.7	10	0.5	4
10	0.7	10	0.6	96
10	0.7	10	0.7	784
10	0.7	10	0.8	2
10	0.7	11	0.6	55
10	0.7	11	0.7	314
10	0.7	12	0.6	32
10	0.7	12	0.7	122
10	0.7	13	0.6	17
10	0.7	13	0.7	53
10	0.7	14	0.6	12
10	0.7	14	0.7	23
10	0.7	15	0.6	12
10	0.7	15	0.7	14
10	0.7	16	0.5	2
10	0.7	16	0.7	1
11	0.2	3	0.2	7
11	0.2	4	0.2	14
11	0.2	4	0.3	2
11	0.2	5	0.1	4
11	0.2	5	0.2	80
11	0.2	5	0.3	8
11	0.2	6	0.1	9
11	0.2	6	0.2	101
11	0.2	6	0.3	14
11	0.2	7	0.1	25
11	0.2	7	0.2	248
11	0.2	7	0.3	18
11	0.2	8	0.1	72
11	0.2	8	0.2	475
11	0.2	8	0.3	48
11	0.2	9	0.1	224
11	0.2	9	0.2	822
11	0.2	9	0.3	135
11	0.2	9	0.4	4
11	0.2	10	0.1	394
11	0.2	10	0.2	1422
11	0.2	10	0.3	266
11	0.2	10	0.4	5
11	0.2	11	0.1	673
11	0.2	11	0.2	2218
11	0.2	11	0.3	314
11	0.2	11	0.4	4
11	0.2	12	0.1	555
11	0.2	12	0.2	1547
11	0.2	12	0.3	160
11	0.2	13	0.1	409
11	0.2	13	0.2	691
11	0.2	13	0.3	28
11	0.2	14	0.1	413
11	0.2	14	0.2	343
11	0.2	14	0.3	12
11	0.2	14	0.4	1
11	0.2	15	0.1	323
11	0.2	15	0.2	212
11	0.2	15	0.3	11
11	0.2	16	0.1	136
11	0.2	16	0.2	57
11	0.2	16	0.3	14
11	0.2	16	0.4	1
11	0.2	17	0.1	59
11	0.2	17	0.2	18
11	0.2	17	0.3	16
11	0.2	17	0.4	4
11	0.2	18	0.1	48
11	0.2	18	0.2	18
11	0.2	18	0.3	2
11	0.2	18	0.4	4
11	0.2	19	0.1	30
11	0.2	19	0.2	18
11	0.2	20	0.1	18
11	0.2	20	0.2	9
11	0.2	21	0.1	15
11	0.2	22	0.1	11
11	0.2	23	0.1	7
11	0.2	24	0.1	4
11	0.3	4	0.3	12
11	0.3	5	0.2	13
11	0.3	5	0.3	81
11	0.3	5	0.4	2
11	0.3	6	0.2	69
11	0.3	6	0.3	391
11	0.3	6	0.4	40
11	0.3	7	0.2	162
11	0.3	7	0.3	790
11	0.3	7	0.4	63
11	0.3	8	0.2	104
11	0.3	8	0.3	1320
11	0.3	8	0.4	57
11	0.3	9	0.2	144
11	0.3	9	0.3	2939
11	0.3	9	0.4	86
11	0.3	9	0.5	2
11	0.3	10	0.2	336
11	0.3	10	0.3	3065
11	0.3	10	0.4	97
11	0.3	11	0.2	206
11	0.3	11	0.3	1623
11	0.3	11	0.4	108
11	0.3	12	0.2	80
11	0.3	12	0.3	558
11	0.3	12	0.4	111
11	0.3	13	0.2	14
11	0.3	13	0.3	132
11	0.3	13	0.4	41
11	0.3	14	0.2	13
11	0.3	14	0.3	35
11	0.3	14	0.4	2
11	0.3	15	0.2	5
11	0.3	15	0.3	43
11	0.3	16	0.2	11
11	0.3	16	0.3	27
11	0.3	17	0.2	4
11	0.3	17	0.3	12
11	0.3	18	0.3	2
11	0.4	3	0.3	9
11	0.4	3	0.4	46
11	0.4	4	0.3	3
11	0.4	4	0.4	9
11	0.4	5	0.3	2
11	0.4	5	0.4	6
11	0.4	5	0.5	2
11	0.4	6	0.3	11
11	0.4	6	0.4	31
11	0.4	7	0.3	22
11	0.4	7	0.4	117
11	0.4	7	0.5	18
11	0.4	7	0.6	23
11	0.4	7	0.7	18
11	0.4	8	0.3	62
11	0.4	8	0.4	451
11	0.4	8	0.5	219
11	0.4	8	0.6	45
11	0.4	8	0.7	53
11	0.4	9	0.2	28
11	0.4	9	0.3	163
11	0.4	9	0.4	729
11	0.4	9	0.5	405
11	0.4	9	0.6	35
11	0.4	9	0.7	12
11	0.4	10	0.2	17
11	0.4	10	0.3	443
11	0.4	10	0.4	1155
11	0.4	10	0.5	625
11	0.4	10	0.6	23
11	0.4	10	0.7	8
11	0.4	11	0.2	7
11	0.4	11	0.3	598
11	0.4	11	0.4	1917
11	0.4	11	0.5	653
11	0.4	11	0.6	25
11	0.4	11	0.7	2
11	0.4	12	0.2	2
11	0.4	12	0.3	489
11	0.4	12	0.4	1098
11	0.4	12	0.5	347
11	0.4	12	0.6	4
11	0.4	13	0.2	3
11	0.4	13	0.3	405
11	0.4	13	0.4	928
11	0.4	13	0.5	193
11	0.4	13	0.6	1
11	0.4	14	0.2	3
11	0.4	14	0.3	282
11	0.4	14	0.4	518
11	0.4	14	0.5	53
11	0.4	15	0.2	2
11	0.4	15	0.3	128
11	0.4	15	0.4	207
11	0.4	15	0.5	17
11	0.4	16	0.2	1
11	0.4	16	0.3	60
11	0.4	16	0.4	53
11	0.4	17	0.3	7
11	0.4	17	0.4	7
11	0.5	3	0.4	2
11	0.5	3	0.5	80
11	0.5	3	0.6	8
11	0.5	4	0.4	8
11	0.5	4	0.5	48
11	0.5	4	0.6	11
11	0.5	5	0.4	32
11	0.5	5	0.5	69
11	0.5	5	0.6	20
11	0.5	6	0.4	11
11	0.5	6	0.5	188
11	0.5	6	0.6	37
11	0.5	7	0.4	18
11	0.5	7	0.5	652
11	0.5	7	0.6	48
11	0.5	8	0.4	16
11	0.5	8	0.5	845
11	0.5	8	0.6	115
11	0.5	9	0.4	18
11	0.5	9	0.5	659
11	0.5	9	0.6	192
11	0.5	10	0.4	16
11	0.5	10	0.5	547
11	0.5	10	0.6	170
11	0.5	11	0.4	8
11	0.5	11	0.5	126
11	0.5	11	0.6	34
11	0.5	12	0.4	1
11	0.5	12	0.5	19
11	0.5	12	0.6	1
11	0.5	13	0.5	1
11	0.6	3	0.5	10
11	0.6	4	0.4	9
11	0.6	4	0.5	128
11	0.6	4	0.6	92
11	0.6	5	0.4	1
11	0.6	5	0.5	173
11	0.6	5	0.6	118
11	0.6	6	0.5	48
11	0.6	6	0.6	109
11	0.6	6	0.7	7
11	0.6	6	0.8	3
11	0.6	7	0.5	66
11	0.6	7	0.6	206
11	0.6	7	0.7	73
11	0.6	7	0.8	43
11	0.6	8	0.4	1
11	0.6	8	0.5	128
11	0.6	8	0.6	467
11	0.6	8	0.7	125
11	0.6	8	0.8	92
11	0.6	9	0.4	3
11	0.6	9	0.5	181
11	0.6	9	0.6	1045
11	0.6	9	0.7	281
11	0.6	9	0.8	94
11	0.6	10	0.4	1
11	0.6	10	0.5	165
11	0.6	10	0.6	1389
11	0.6	10	0.7	437
11	0.6	10	0.8	29
11	0.6	11	0.4	1
11	0.6	11	0.5	152
11	0.6	11	0.6	1571
11	0.6	11	0.7	347
11	0.6	11	0.8	6
11	0.6	12	0.5	77
11	0.6	12	0.6	1195
11	0.6	12	0.7	382
11	0.6	12	0.8	6
11	0.6	13	0.5	28
11	0.6	13	0.6	442
11	0.6	13	0.7	283
11	0.6	13	0.8	34
11	0.6	14	0.5	15
11	0.6	14	0.6	214
11	0.6	14	0.7	295
11	0.6	14	0.8	264
11	0.6	14	0.9	3
11	0.6	15	0.5	9
11	0.6	15	0.6	103
11	0.6	15	0.7	275
11	0.6	15	0.8	998
11	0.6	15	0.9	2
11	0.6	16	0.5	3
11	0.6	16	0.6	46
11	0.6	16	0.7	212
11	0.6	16	0.8	169
11	0.6	17	0.5	2
11	0.6	17	0.6	37
11	0.6	17	0.7	68
11	0.6	17	0.8	4
11	0.6	18	0.6	18
11	0.6	18	0.7	15
11	0.7	3	0.6	2
11	0.7	3	0.7	5
11	0.7	4	0.6	12
11	0.7	4	0.7	50
11	0.7	5	0.6	6
11	0.7	5	0.7	401
11	0.7	5	0.8	10
11	0.7	6	0.6	44
11	0.7	6	0.7	1493
11	0.7	6	0.8	60
11	0.7	7	0.6	98
11	0.7	7	0.7	1554
11	0.7	7	0.8	33
11	0.7	8	0.6	49
11	0.7	8	0.7	1424
11	0.7	8	0.8	31
11	0.7	9	0.6	27
11	0.7	9	0.7	739
11	0.7	9	0.8	14
11	0.7	10	0.6	28
11	0.7	10	0.7	322
11	0.7	10	0.8	5
11	0.7	11	0.6	22
11	0.7	11	0.7	262
11	0.7	11	0.8	3
11	0.7	12	0.6	20
11	0.7	12	0.7	67
11	0.7	12	0.8	1
11	0.7	13	0.6	4
11	0.7	13	0.7	13
11	0.7	14	0.7	1
12	0.1	3	0.1	19
12	0.1	3	0.2	6
12	0.1	4	0.1	12
12	0.1	4	0.2	4
12	0.1	5	0.1	5
12	0.1	5	0.2	22
12	0.1	6	0.1	7
12	0.1	6	0.2	30
12	0.1	7	0.1	18
12	0.1	7	0.2	119
12	0.1	7	0.3	3
12	0.1	8	0.1	33
12	0.1	8	0.2	78
12	0.1	8	0.3	3
12	0.1	8	0.4	7
12	0.1	8	0.5	2
12	0.1	9	0.1	61
12	0.1	9	0.2	132
12	0.1	9	0.3	22
12	0.1	9	0.4	20
12	0.1	9	0.5	4
12	0.1	10	0.1	124
12	0.1	10	0.2	199
12	0.1	10	0.3	44
12	0.1	10	0.4	23
12	0.1	10	0.5	6
12	0.1	11	0.1	181
12	0.1	11	0.2	378
12	0.1	11	0.3	47
12	0.1	11	0.4	16
12	0.1	11	0.5	1
12	0.1	12	0.1	267
12	0.1	12	0.2	380
12	0.1	12	0.3	37
12	0.1	12	0.4	14
12	0.1	13	0.1	233
12	0.1	13	0.2	219
12	0.1	13	0.3	22
12	0.1	13	0.4	5
12	0.1	14	0.1	146
12	0.1	14	0.2	137
12	0.1	14	0.3	26
12	0.1	14	0.4	4
12	0.1	15	0.1	106
12	0.1	15	0.2	102
12	0.1	15	0.3	12
12	0.1	15	0.4	4
12	0.1	16	0.1	71
12	0.1	16	0.2	46
12	0.1	16	0.3	18
12	0.1	16	0.4	4
12	0.1	17	0.1	59
12	0.1	17	0.2	29
12	0.1	17	0.3	20
12	0.1	18	0.1	28
12	0.1	18	0.2	31
12	0.1	18	0.3	15
12	0.1	18	0.4	1
12	0.1	19	0.1	18
12	0.1	19	0.2	15
12	0.1	19	0.3	8
12	0.1	20	0.1	10
12	0.1	20	0.2	11
12	0.1	20	0.3	4
12	0.1	21	0.1	18
12	0.1	21	0.2	5
12	0.1	21	0.3	4
12	0.1	22	0.1	25
12	0.1	22	0.2	1
12	0.1	23	0.1	17
12	0.1	23	0.2	1
12	0.1	24	0.1	1
12	0.2	3	0.1	12
12	0.2	3	0.2	2
12	0.2	4	0.1	21
12	0.2	4	0.2	9
12	0.2	4	0.3	1
12	0.2	5	0.1	36
12	0.2	5	0.2	9
12	0.2	5	0.3	1
12	0.2	5	0.4	5
12	0.2	6	0.1	19
12	0.2	6	0.2	48
12	0.2	6	0.3	5
12	0.2	6	0.4	7
12	0.2	7	0.1	6
12	0.2	7	0.2	50
12	0.2	7	0.3	15
12	0.2	7	0.4	15
12	0.2	8	0.1	21
12	0.2	8	0.2	102
12	0.2	8	0.3	17
12	0.2	8	0.4	10
12	0.2	9	0.1	41
12	0.2	9	0.2	57
12	0.2	9	0.3	10
12	0.2	9	0.4	6
12	0.2	9	0.5	1
12	0.2	10	0.1	103
12	0.2	10	0.2	96
12	0.2	10	0.3	11
12	0.2	10	0.4	4
12	0.2	11	0.1	160
12	0.2	11	0.2	201
12	0.2	11	0.3	4
12	0.2	12	0.1	184
12	0.2	12	0.2	251
12	0.2	12	0.3	16
12	0.2	13	0.1	160
12	0.2	13	0.2	242
12	0.2	13	0.3	19
12	0.2	14	0.1	165
12	0.2	14	0.2	200
12	0.2	14	0.3	12
12	0.2	15	0.1	99
12	0.2	15	0.2	87
12	0.2	15	0.3	10
12	0.2	16	0.1	43
12	0.2	16	0.2	56
12	0.2	16	0.3	4
12	0.2	17	0.1	17
12	0.2	17	0.2	37
12	0.2	17	0.3	10
12	0.2	18	0.1	34
12	0.2	18	0.2	25
12	0.2	18	0.3	15
12	0.2	19	0.1	11
12	0.2	19	0.2	17
12	0.2	19	0.3	6
12	0.2	20	0.1	11
12	0.2	20	0.2	7
12	0.2	21	0.2	5
12	0.2	21	0.3	4
12	0.2	22	0.1	1
12	0.2	22	0.2	8
12	0.2	22	0.3	5
12	0.2	23	0.2	11
12	0.2	23	0.3	5
12	0.2	24	0.2	12
12	0.2	24	0.3	3
12	0.2	25	0.2	3
12	0.3	4	0.4	1
12	0.3	5	0.2	14
12	0.3	5	0.3	27
12	0.3	5	0.5	3
12	0.3	6	0.2	53
12	0.3	6	0.3	203
12	0.3	6	0.4	13
12	0.3	7	0.2	29
12	0.3	7	0.3	383
12	0.3	7	0.4	67
12	0.3	7	0.5	3
12	0.3	8	0.2	56
12	0.3	8	0.3	700
12	0.3	8	0.4	104
12	0.3	8	0.5	2
12	0.3	9	0.2	143
12	0.3	9	0.3	1579
12	0.3	9	0.4	98
12	0.3	9	0.5	3
12	0.3	10	0.2	306
12	0.3	10	0.3	2561
12	0.3	10	0.4	197
12	0.3	10	0.5	7
12	0.3	11	0.2	406
12	0.3	11	0.3	2719
12	0.3	11	0.4	183
12	0.3	11	0.5	4
12	0.3	12	0.2	273
12	0.3	12	0.3	1724
12	0.3	12	0.4	72
12	0.3	12	0.5	6
12	0.3	13	0.2	67
12	0.3	13	0.3	475
12	0.3	13	0.4	22
12	0.3	14	0.2	46
12	0.3	14	0.3	173
12	0.3	14	0.4	1
12	0.3	15	0.2	11
12	0.3	15	0.3	40
12	0.3	15	0.4	1
12	0.3	16	0.2	11
12	0.3	16	0.3	14
12	0.4	3	0.4	7
12	0.4	3	0.5	15
12	0.4	4	0.4	11
12	0.4	4	0.5	11
12	0.4	4	0.6	1
12	0.4	5	0.4	21
12	0.4	5	0.5	9
12	0.4	5	0.6	3
12	0.4	6	0.3	22
12	0.4	6	0.4	36
12	0.4	6	0.5	25
12	0.4	7	0.2	1
12	0.4	7	0.3	84
12	0.4	7	0.4	113
12	0.4	7	0.5	86
12	0.4	7	0.6	18
12	0.4	7	0.7	1
12	0.4	8	0.2	1
12	0.4	8	0.3	86
12	0.4	8	0.4	239
12	0.4	8	0.5	166
12	0.4	8	0.6	23
12	0.4	9	0.3	130
12	0.4	9	0.4	600
12	0.4	9	0.5	392
12	0.4	9	0.6	4
12	0.4	10	0.3	337
12	0.4	10	0.4	963
12	0.4	10	0.5	506
12	0.4	10	0.6	6
12	0.4	11	0.3	600
12	0.4	11	0.4	1453
12	0.4	11	0.5	323
12	0.4	11	0.6	3
12	0.4	12	0.3	663
12	0.4	12	0.4	1951
12	0.4	12	0.5	217
12	0.4	13	0.3	546
12	0.4	13	0.4	1319
12	0.4	13	0.5	118
12	0.4	14	0.2	14
12	0.4	14	0.3	293
12	0.4	14	0.4	603
12	0.4	14	0.5	21
12	0.4	15	0.3	229
12	0.4	15	0.4	261
12	0.4	15	0.5	5
12	0.4	16	0.2	2
12	0.4	16	0.3	107
12	0.4	16	0.4	57
12	0.4	17	0.3	55
12	0.4	17	0.4	12
12	0.4	18	0.3	28
12	0.4	18	0.4	2
12	0.4	19	0.3	1
12	0.5	3	0.5	79
12	0.5	3	0.6	93
12	0.5	3	0.7	7
12	0.5	4	0.4	4
12	0.5	4	0.5	593
12	0.5	4	0.6	735
12	0.5	4	0.7	18
12	0.5	5	0.4	1
12	0.5	5	0.5	407
12	0.5	5	0.6	811
12	0.5	5	0.7	43
12	0.5	6	0.5	73
12	0.5	6	0.6	430
12	0.5	6	0.7	20
12	0.5	7	0.5	69
12	0.5	7	0.6	320
12	0.5	7	0.7	58
12	0.5	7	0.8	6
12	0.5	8	0.5	71
12	0.5	8	0.6	232
12	0.5	8	0.7	44
12	0.5	8	0.8	8
12	0.5	9	0.5	74
12	0.5	9	0.6	237
12	0.5	9	0.7	51
12	0.5	9	0.8	7
12	0.5	10	0.4	2
12	0.5	10	0.5	209
12	0.5	10	0.6	284
12	0.5	10	0.7	71
12	0.5	10	0.8	2
12	0.5	11	0.4	1
12	0.5	11	0.5	148
12	0.5	11	0.6	283
12	0.5	11	0.7	47
12	0.5	12	0.5	101
12	0.5	12	0.6	232
12	0.5	12	0.7	51
12	0.5	13	0.5	57
12	0.5	13	0.6	140
12	0.5	13	0.7	47
12	0.5	13	0.8	1
12	0.5	14	0.5	19
12	0.5	14	0.6	81
12	0.5	14	0.7	38
12	0.5	14	0.8	16
12	0.5	15	0.5	7
12	0.5	15	0.6	40
12	0.5	15	0.7	43
12	0.5	15	0.8	88
12	0.5	16	0.5	2
12	0.5	16	0.6	14
12	0.5	16	0.7	43
12	0.5	16	0.8	23
12	0.5	17	0.6	12
12	0.5	17	0.7	6
12	0.5	18	0.7	1
12	0.6	4	0.5	16
12	0.6	4	0.6	9
12	0.6	5	0.5	29
12	0.6	5	0.6	37
12	0.6	5	0.7	4
12	0.6	6	0.5	23
12	0.6	6	0.6	59
12	0.6	6	0.7	34
12	0.6	6	0.8	2
12	0.6	7	0.5	22
12	0.6	7	0.6	147
12	0.6	7	0.7	59
12	0.6	7	0.8	48
12	0.6	8	0.5	23
12	0.6	8	0.6	202
12	0.6	8	0.7	69
12	0.6	8	0.8	64
12	0.6	9	0.5	54
12	0.6	9	0.6	408
12	0.6	9	0.7	193
12	0.6	9	0.8	65
12	0.6	10	0.5	112
12	0.6	10	0.6	789
12	0.6	10	0.7	300
12	0.6	10	0.8	27
12	0.6	11	0.5	141
12	0.6	11	0.6	933
12	0.6	11	0.7	325
12	0.6	11	0.8	9
12	0.6	12	0.5	128
12	0.6	12	0.6	1163
12	0.6	12	0.7	336
12	0.6	12	0.8	3
12	0.6	13	0.5	93
12	0.6	13	0.6	589
12	0.6	13	0.7	368
12	0.6	13	0.8	70
12	0.6	14	0.4	1
12	0.6	14	0.5	29
12	0.6	14	0.6	397
12	0.6	14	0.7	454
12	0.6	14	0.8	603
12	0.6	14	0.9	9
12	0.6	15	0.5	21
12	0.6	15	0.6	246
12	0.6	15	0.7	525
12	0.6	15	0.8	2419
12	0.6	15	0.9	7
12	0.6	16	0.5	11
12	0.6	16	0.6	119
12	0.6	16	0.7	402
12	0.6	16	0.8	333
12	0.6	17	0.5	3
12	0.6	17	0.6	86
12	0.6	17	0.7	114
12	0.6	17	0.8	11
12	0.6	18	0.5	4
12	0.6	18	0.6	28
12	0.6	18	0.7	14
12	0.6	19	0.5	1
12	0.6	19	0.6	7
12	0.6	19	0.7	3
12	0.7	3	0.6	5
12	0.7	3	0.7	2
12	0.7	4	0.5	2
12	0.7	4	0.6	51
12	0.7	4	0.7	34
12	0.7	5	0.5	1
12	0.7	5	0.6	46
12	0.7	5	0.7	96
12	0.7	5	0.8	2
12	0.7	6	0.6	145
12	0.7	6	0.7	571
12	0.7	6	0.8	5
12	0.7	7	0.6	207
12	0.7	7	0.7	2123
12	0.7	7	0.8	85
12	0.7	8	0.6	171
12	0.7	8	0.7	2165
12	0.7	8	0.8	97
12	0.7	9	0.6	123
12	0.7	9	0.7	1466
12	0.7	9	0.8	74
12	0.7	10	0.6	102
12	0.7	10	0.7	1184
12	0.7	10	0.8	41
12	0.7	11	0.6	129
12	0.7	11	0.7	1481
12	0.7	11	0.8	53
12	0.7	12	0.6	159
12	0.7	12	0.7	1326
12	0.7	12	0.8	28
12	0.7	13	0.6	110
12	0.7	13	0.7	488
12	0.7	13	0.8	5
12	0.7	14	0.6	37
12	0.7	14	0.7	99
12	0.7	14	0.8	18
12	0.7	15	0.6	9
12	0.7	15	0.7	15
12	0.7	15	0.8	36
12	0.7	16	0.7	2
12	0.7	16	0.8	7
12	0.8	12	0.7	2
12	0.8	12	0.8	84
12	0.8	13	0.7	7
12	0.8	13	0.8	178
12	0.8	13	0.9	1
12	0.8	14	0.7	15
12	0.8	14	0.8	1207
12	0.8	14	0.9	24
12	0.8	15	0.7	72
12	0.8	15	0.8	4509
12	0.8	15	0.9	16
12	0.8	16	0.7	98
12	0.8	16	0.8	342
12	0.8	17	0.7	37
12	0.8	17	0.8	8
13	0.1	3	0.1	3
13	0.1	3	0.2	15
13	0.1	3	0.3	1
13	0.1	4	0.1	11
13	0.1	4	0.2	40
13	0.1	4	0.3	15
13	0.1	5	0.1	26
13	0.1	5	0.2	111
13	0.1	5	0.3	17
13	0.1	6	0.1	30
13	0.1	6	0.2	125
13	0.1	6	0.3	4
13	0.1	7	0.1	19
13	0.1	7	0.2	146
13	0.1	7	0.3	2
13	0.1	8	0.1	50
13	0.1	8	0.2	240
13	0.1	8	0.3	15
13	0.1	8	0.4	2
13	0.1	9	0.1	126
13	0.1	9	0.2	284
13	0.1	9	0.3	13
13	0.1	10	0.1	269
13	0.1	10	0.2	354
13	0.1	10	0.3	21
13	0.1	11	0.1	520
13	0.1	11	0.2	429
13	0.1	11	0.3	32
13	0.1	12	0.1	699
13	0.1	12	0.2	479
13	0.1	12	0.3	50
13	0.1	12	0.4	1
13	0.1	13	0.1	1072
13	0.1	13	0.2	515
13	0.1	13	0.3	40
13	0.1	14	0.1	991
13	0.1	14	0.2	515
13	0.1	14	0.3	27
13	0.1	15	0.1	840
13	0.1	15	0.2	349
13	0.1	15	0.3	26
13	0.1	16	0.1	744
13	0.1	16	0.2	280
13	0.1	16	0.3	20
13	0.1	17	0.1	592
13	0.1	17	0.2	195
13	0.1	17	0.3	16
13	0.1	18	0.1	451
13	0.1	18	0.2	211
13	0.1	18	0.3	14
13	0.1	19	0.1	343
13	0.1	19	0.2	189
13	0.1	19	0.3	17
13	0.1	20	0.1	340
13	0.1	20	0.2	135
13	0.1	20	0.3	8
13	0.1	21	0.1	228
13	0.1	21	0.2	66
13	0.1	21	0.3	1
13	0.1	22	0.1	140
13	0.1	22	0.2	40
13	0.1	23	0	2
13	0.1	23	0.1	116
13	0.1	23	0.2	31
13	0.1	24	0	2
13	0.1	24	0.1	55
13	0.1	24	0.2	12
13	0.1	25	0	4
13	0.1	25	0.1	18
13	0.1	25	0.2	5
13	0.1	26	0.1	1
13	0.2	2	0.2	5
13	0.2	3	0.1	3
13	0.2	3	0.2	40
13	0.2	3	0.3	2
13	0.2	4	0.1	2
13	0.2	4	0.2	17
13	0.2	4	0.3	8
13	0.2	5	0.1	9
13	0.2	5	0.2	27
13	0.2	5	0.3	5
13	0.2	6	0.1	6
13	0.2	6	0.2	24
13	0.2	6	0.3	7
13	0.2	7	0.1	10
13	0.2	7	0.2	53
13	0.2	7	0.3	6
13	0.2	7	0.4	2
13	0.2	7	0.5	1
13	0.2	8	0.1	21
13	0.2	8	0.2	114
13	0.2	8	0.3	8
13	0.2	8	0.4	7
13	0.2	8	0.5	2
13	0.2	9	0.1	42
13	0.2	9	0.2	175
13	0.2	9	0.3	17
13	0.2	9	0.4	6
13	0.2	10	0.1	90
13	0.2	10	0.2	265
13	0.2	10	0.3	24
13	0.2	10	0.4	1
13	0.2	10	0.5	3
13	0.2	11	0.1	173
13	0.2	11	0.2	291
13	0.2	11	0.3	21
13	0.2	11	0.4	6
13	0.2	11	0.5	3
13	0.2	12	0.1	240
13	0.2	12	0.2	319
13	0.2	12	0.3	11
13	0.2	12	0.5	2
13	0.2	13	0.1	242
13	0.2	13	0.2	203
13	0.2	13	0.3	2
13	0.2	14	0.1	238
13	0.2	14	0.2	170
13	0.2	14	0.3	3
13	0.2	15	0.1	174
13	0.2	15	0.2	86
13	0.2	16	0.1	106
13	0.2	16	0.2	34
13	0.2	17	0.1	84
13	0.2	17	0.2	27
13	0.2	17	0.3	1
13	0.2	18	0.1	27
13	0.2	18	0.2	10
13	0.2	18	0.3	1
13	0.2	19	0.1	19
13	0.2	19	0.2	1
13	0.2	20	0.1	4
13	0.3	3	0.3	3
13	0.3	4	0.2	17
13	0.3	4	0.3	36
13	0.3	4	0.4	2
13	0.3	5	0.2	41
13	0.3	5	0.3	22
13	0.3	5	0.4	3
13	0.3	6	0.2	24
13	0.3	6	0.3	57
13	0.3	7	0.2	32
13	0.3	7	0.3	147
13	0.3	8	0.2	74
13	0.3	8	0.3	275
13	0.3	8	0.4	7
13	0.3	9	0.2	92
13	0.3	9	0.3	600
13	0.3	9	0.4	34
13	0.3	10	0.2	179
13	0.3	10	0.3	1327
13	0.3	10	0.4	93
13	0.3	11	0.2	296
13	0.3	11	0.3	1684
13	0.3	11	0.4	318
13	0.3	12	0.2	451
13	0.3	12	0.3	1937
13	0.3	12	0.4	596
13	0.3	12	0.5	1
13	0.3	13	0.2	425
13	0.3	13	0.3	1772
13	0.3	13	0.4	255
13	0.3	14	0.2	245
13	0.3	14	0.3	865
13	0.3	14	0.4	25
13	0.3	15	0.2	84
13	0.3	15	0.3	440
13	0.3	15	0.4	11
13	0.3	16	0.2	37
13	0.3	16	0.3	179
13	0.3	16	0.4	4
13	0.3	17	0.2	16
13	0.3	17	0.3	87
13	0.3	18	0.2	1
13	0.3	18	0.3	6
13	0.4	4	0.5	4
13	0.4	5	0.3	1
13	0.4	5	0.5	1
13	0.4	6	0.3	3
13	0.4	6	0.4	17
13	0.4	6	0.5	14
13	0.4	6	0.6	4
13	0.4	7	0.3	18
13	0.4	7	0.4	43
13	0.4	7	0.5	51
13	0.4	7	0.6	6
13	0.4	8	0.2	4
13	0.4	8	0.3	69
13	0.4	8	0.4	124
13	0.4	8	0.5	188
13	0.4	8	0.6	19
13	0.4	9	0.2	7
13	0.4	9	0.3	94
13	0.4	9	0.4	233
13	0.4	9	0.5	246
13	0.4	9	0.6	14
13	0.4	10	0.2	11
13	0.4	10	0.3	211
13	0.4	10	0.4	362
13	0.4	10	0.5	361
13	0.4	10	0.6	20
13	0.4	11	0.2	2
13	0.4	11	0.3	370
13	0.4	11	0.4	740
13	0.4	11	0.5	406
13	0.4	11	0.6	19
13	0.4	12	0.2	5
13	0.4	12	0.3	506
13	0.4	12	0.4	1489
13	0.4	12	0.5	437
13	0.4	12	0.6	12
13	0.4	13	0.2	14
13	0.4	13	0.3	631
13	0.4	13	0.4	1976
13	0.4	13	0.5	440
13	0.4	13	0.6	1
13	0.4	14	0.2	2
13	0.4	14	0.3	700
13	0.4	14	0.4	1379
13	0.4	14	0.5	129
13	0.4	15	0.2	3
13	0.4	15	0.3	448
13	0.4	15	0.4	472
13	0.4	15	0.5	48
13	0.4	16	0.2	9
13	0.4	16	0.3	190
13	0.4	16	0.4	83
13	0.4	16	0.5	10
13	0.4	17	0.2	18
13	0.4	17	0.3	88
13	0.4	17	0.4	4
13	0.4	17	0.5	3
13	0.4	18	0.2	3
13	0.4	18	0.3	35
13	0.4	18	0.4	1
13	0.4	19	0.3	2
13	0.6	5	0.6	1
13	0.6	5	0.7	10
13	0.6	6	0.6	23
13	0.6	6	0.7	77
13	0.6	7	0.6	65
13	0.6	7	0.7	438
13	0.6	8	0.5	2
13	0.6	8	0.6	92
13	0.6	8	0.7	365
13	0.6	8	0.8	1
13	0.6	9	0.6	39
13	0.6	9	0.7	196
13	0.6	9	0.8	3
13	0.6	10	0.6	35
13	0.6	10	0.7	238
13	0.6	11	0.6	62
13	0.6	11	0.7	274
13	0.6	12	0.5	1
13	0.6	12	0.6	84
13	0.6	12	0.7	246
13	0.6	12	0.8	5
13	0.6	13	0.6	318
13	0.6	13	0.7	883
13	0.6	13	0.8	29
13	0.6	13	0.9	2
13	0.6	14	0.6	168
13	0.6	14	0.7	434
13	0.6	14	0.8	683
13	0.6	14	0.9	18
13	0.6	15	0.6	23
13	0.6	15	0.7	44
13	0.6	15	0.8	2582
13	0.6	15	0.9	14
13	0.6	16	0.7	36
13	0.6	16	0.8	205
13	0.6	17	0.7	3
13	0.6	17	0.8	1
13	0.7	3	0.5	1
13	0.7	3	0.6	6
13	0.7	3	0.7	15
13	0.7	4	0.5	1
13	0.7	4	0.6	87
13	0.7	4	0.7	94
13	0.7	5	0.6	15
13	0.7	5	0.7	87
13	0.7	5	0.8	3
13	0.7	6	0.6	87
13	0.7	6	0.7	595
13	0.7	6	0.8	24
13	0.7	7	0.5	1
13	0.7	7	0.6	134
13	0.7	7	0.7	1622
13	0.7	7	0.8	47
13	0.7	8	0.5	5
13	0.7	8	0.6	120
13	0.7	8	0.7	1929
13	0.7	8	0.8	103
13	0.7	9	0.6	96
13	0.7	9	0.7	1142
13	0.7	9	0.8	46
13	0.7	10	0.6	168
13	0.7	10	0.7	1020
13	0.7	10	0.8	36
13	0.7	11	0.5	1
13	0.7	11	0.6	227
13	0.7	11	0.7	1239
13	0.7	11	0.8	36
13	0.7	12	0.6	229
13	0.7	12	0.7	1337
13	0.7	12	0.8	20
13	0.7	13	0.6	228
13	0.7	13	0.7	1105
13	0.7	13	0.8	10
13	0.7	14	0.6	159
13	0.7	14	0.7	473
13	0.7	14	0.8	24
13	0.7	15	0.6	46
13	0.7	15	0.7	91
13	0.7	15	0.8	70
13	0.7	15	0.9	1
13	0.7	16	0.6	5
13	0.7	16	0.7	9
13	0.7	16	0.8	5
13	0.7	17	0.7	1
13	0.8	13	0.7	1
13	0.8	13	0.8	73
13	0.8	13	0.9	2
13	0.8	14	0.7	7
13	0.8	14	0.8	703
13	0.8	14	0.9	14
13	0.8	15	0.7	44
13	0.8	15	0.8	2398
13	0.8	15	0.9	12
13	0.8	16	0.7	40
13	0.8	16	0.8	203
13	0.8	17	0.7	1
13	0.8	17	0.8	2
14	0.1	3	0.1	1
14	0.1	3	0.2	3
14	0.1	4	0.1	6
14	0.1	4	0.2	15
14	0.1	5	0.1	7
14	0.1	5	0.2	6
14	0.1	6	0.1	22
14	0.1	6	0.2	30
14	0.1	6	0.3	1
14	0.1	7	0.1	51
14	0.1	7	0.2	78
14	0.1	7	0.3	8
14	0.1	7	0.4	1
14	0.1	8	0.1	144
14	0.1	8	0.2	125
14	0.1	8	0.3	11
14	0.1	8	0.4	5
14	0.1	9	0.1	143
14	0.1	9	0.2	145
14	0.1	9	0.3	16
14	0.1	9	0.4	8
14	0.1	10	0.1	142
14	0.1	10	0.2	153
14	0.1	10	0.3	9
14	0.1	10	0.4	1
14	0.1	11	0.1	236
14	0.1	11	0.2	258
14	0.1	11	0.3	7
14	0.1	11	0.4	1
14	0.1	12	0.1	402
14	0.1	12	0.2	405
14	0.1	12	0.3	19
14	0.1	12	0.4	1
14	0.1	13	0.1	887
14	0.1	13	0.2	548
14	0.1	13	0.3	32
14	0.1	13	0.4	2
14	0.1	14	0.1	1799
14	0.1	14	0.2	713
14	0.1	14	0.3	40
14	0.1	15	0.1	1463
14	0.1	15	0.2	570
14	0.1	15	0.3	22
14	0.1	16	0.1	770
14	0.1	16	0.2	318
14	0.1	16	0.3	21
14	0.1	17	0.1	583
14	0.1	17	0.2	206
14	0.1	17	0.3	17
14	0.1	18	0.1	471
14	0.1	18	0.2	224
14	0.1	18	0.3	6
14	0.1	19	0.1	323
14	0.1	19	0.2	208
14	0.1	19	0.3	3
14	0.1	20	0	1
14	0.1	20	0.1	282
14	0.1	20	0.2	123
14	0.1	21	0.1	220
14	0.1	21	0.2	62
14	0.1	22	0.1	142
14	0.1	22	0.2	38
14	0.1	22	0.3	4
14	0.1	22	0.4	1
14	0.1	23	0.1	87
14	0.1	23	0.2	22
14	0.1	23	0.3	3
14	0.1	23	0.4	5
14	0.1	24	0.1	56
14	0.1	24	0.2	10
14	0.1	24	0.3	10
14	0.1	24	0.4	1
14	0.1	25	0.1	23
14	0.1	25	0.2	7
14	0.1	25	0.3	4
14	0.1	26	0.1	7
14	0.1	26	0.2	1
14	0.1	27	0.1	5
14	0.2	3	0.3	2
14	0.2	4	0.2	5
14	0.2	4	0.3	7
14	0.2	5	0.2	6
14	0.2	5	0.3	1
14	0.2	6	0.1	6
14	0.2	6	0.2	32
14	0.2	6	0.3	7
14	0.2	7	0.1	5
14	0.2	7	0.2	18
14	0.2	7	0.3	1
14	0.2	8	0.2	54
14	0.2	8	0.3	12
14	0.2	9	0.1	9
14	0.2	9	0.2	91
14	0.2	9	0.3	3
14	0.2	10	0.1	68
14	0.2	10	0.2	148
14	0.2	10	0.3	5
14	0.2	11	0.1	146
14	0.2	11	0.2	301
14	0.2	11	0.3	15
14	0.2	12	0.1	217
14	0.2	12	0.2	221
14	0.2	12	0.3	20
14	0.2	13	0.1	172
14	0.2	13	0.2	163
14	0.2	13	0.3	7
14	0.2	14	0.1	164
14	0.2	14	0.2	124
14	0.2	14	0.3	5
14	0.2	15	0.1	81
14	0.2	15	0.2	47
14	0.2	15	0.3	9
14	0.2	16	0.1	45
14	0.2	16	0.2	41
14	0.2	16	0.3	15
14	0.2	16	0.4	1
14	0.2	17	0.1	50
14	0.2	17	0.2	22
14	0.2	17	0.3	15
14	0.2	18	0.1	47
14	0.2	18	0.2	32
14	0.2	18	0.3	3
14	0.2	19	0.1	38
14	0.2	19	0.2	35
14	0.2	19	0.3	3
14	0.2	20	0.1	30
14	0.2	20	0.2	21
14	0.2	20	0.3	1
14	0.2	21	0.1	15
14	0.2	21	0.2	10
14	0.2	22	0.1	1
14	0.2	22	0.2	3
14	0.3	5	0.2	2
14	0.3	6	0.2	11
14	0.3	7	0.2	10
14	0.3	7	0.3	23
14	0.3	7	0.4	17
14	0.3	8	0.2	28
14	0.3	8	0.3	188
14	0.3	8	0.4	53
14	0.3	9	0.2	47
14	0.3	9	0.3	438
14	0.3	9	0.4	33
14	0.3	10	0.2	145
14	0.3	10	0.3	476
14	0.3	10	0.4	46
14	0.3	11	0.1	1
14	0.3	11	0.2	167
14	0.3	11	0.3	887
14	0.3	11	0.4	165
14	0.3	11	0.5	1
14	0.3	12	0.2	256
14	0.3	12	0.3	1370
14	0.3	12	0.4	337
14	0.3	12	0.5	1
14	0.3	13	0.2	345
14	0.3	13	0.3	2130
14	0.3	13	0.4	309
14	0.3	13	0.5	2
14	0.3	14	0.2	386
14	0.3	14	0.3	2151
14	0.3	14	0.4	143
14	0.3	14	0.5	2
14	0.3	15	0.1	1
14	0.3	15	0.2	310
14	0.3	15	0.3	1270
14	0.3	15	0.4	26
14	0.3	16	0.2	158
14	0.3	16	0.3	620
14	0.3	16	0.4	7
14	0.3	17	0.2	45
14	0.3	17	0.3	160
14	0.3	17	0.4	3
14	0.3	18	0.2	2
14	0.3	18	0.3	28
14	0.4	3	0.3	4
14	0.4	4	0.3	33
14	0.4	4	0.4	1
14	0.4	5	0.2	1
14	0.4	5	0.3	9
14	0.4	5	0.4	8
14	0.4	6	0.3	30
14	0.4	6	0.4	11
14	0.4	7	0.2	1
14	0.4	7	0.3	25
14	0.4	7	0.4	24
14	0.4	7	0.5	2
14	0.4	8	0.2	2
14	0.4	8	0.3	50
14	0.4	8	0.4	54
14	0.4	8	0.5	30
14	0.4	9	0.2	5
14	0.4	9	0.3	95
14	0.4	9	0.4	112
14	0.4	9	0.5	100
14	0.4	9	0.6	1
14	0.4	10	0.2	2
14	0.4	10	0.3	130
14	0.4	10	0.4	274
14	0.4	10	0.5	123
14	0.4	10	0.6	5
14	0.4	11	0.3	211
14	0.4	11	0.4	415
14	0.4	11	0.5	239
14	0.4	11	0.6	25
14	0.4	12	0.2	4
14	0.4	12	0.3	377
14	0.4	12	0.4	876
14	0.4	12	0.5	361
14	0.4	12	0.6	24
14	0.4	13	0.2	6
14	0.4	13	0.3	636
14	0.4	13	0.4	1477
14	0.4	13	0.5	345
14	0.4	13	0.6	7
14	0.4	14	0.2	10
14	0.4	14	0.3	1096
14	0.4	14	0.4	2017
14	0.4	14	0.5	220
14	0.4	15	0.2	16
14	0.4	15	0.3	942
14	0.4	15	0.4	990
14	0.4	15	0.5	38
14	0.4	16	0.2	6
14	0.4	16	0.3	435
14	0.4	16	0.4	230
14	0.4	16	0.5	1
14	0.4	17	0.2	55
14	0.4	17	0.3	340
14	0.4	17	0.4	32
14	0.4	18	0.2	9
14	0.4	18	0.3	192
14	0.4	18	0.4	14
14	0.4	19	0.3	18
14	0.4	20	0.3	4
14	0.6	6	0.6	1
14	0.6	7	0.5	3
14	0.6	7	0.6	16
14	0.6	7	0.7	5
14	0.6	7	0.8	14
14	0.6	8	0.5	6
14	0.6	8	0.6	48
14	0.6	8	0.7	51
14	0.6	8	0.8	47
14	0.6	9	0.5	2
14	0.6	9	0.6	74
14	0.6	9	0.7	83
14	0.6	9	0.8	29
14	0.6	10	0.5	9
14	0.6	10	0.6	106
14	0.6	10	0.7	117
14	0.6	10	0.8	11
14	0.6	11	0.5	7
14	0.6	11	0.6	236
14	0.6	11	0.7	122
14	0.6	11	0.8	4
14	0.6	12	0.5	36
14	0.6	12	0.6	328
14	0.6	12	0.7	150
14	0.6	12	0.8	2
14	0.6	13	0.5	32
14	0.6	13	0.6	437
14	0.6	13	0.7	268
14	0.6	13	0.8	44
14	0.6	13	0.9	2
14	0.6	14	0.5	43
14	0.6	14	0.6	748
14	0.6	14	0.7	553
14	0.6	14	0.8	963
14	0.6	14	0.9	22
14	0.6	15	0.5	33
14	0.6	15	0.6	491
14	0.6	15	0.7	828
14	0.6	15	0.8	3630
14	0.6	15	0.9	11
14	0.6	16	0.5	37
14	0.6	16	0.6	359
14	0.6	16	0.7	974
14	0.6	16	0.8	587
14	0.6	17	0.5	52
14	0.6	17	0.6	304
14	0.6	17	0.7	462
14	0.6	17	0.8	31
14	0.6	18	0.5	23
14	0.6	18	0.6	201
14	0.6	18	0.7	100
14	0.6	19	0.4	2
14	0.6	19	0.5	5
14	0.6	19	0.6	41
14	0.6	19	0.7	5
14	0.6	20	0.6	5
14	0.7	4	0.5	13
14	0.7	4	0.6	17
14	0.7	4	0.7	2
14	0.7	5	0.5	11
14	0.7	5	0.6	42
14	0.7	5	0.7	16
14	0.7	6	0.5	18
14	0.7	6	0.6	89
14	0.7	6	0.7	175
14	0.7	6	0.8	5
14	0.7	7	0.5	10
14	0.7	7	0.6	204
14	0.7	7	0.7	994
14	0.7	7	0.8	8
14	0.7	8	0.6	203
14	0.7	8	0.7	718
14	0.7	8	0.8	10
14	0.7	9	0.6	137
14	0.7	9	0.7	343
14	0.7	9	0.8	3
14	0.7	10	0.5	2
14	0.7	10	0.6	121
14	0.7	10	0.7	466
14	0.7	10	0.8	3
14	0.7	11	0.6	222
14	0.7	11	0.7	771
14	0.7	11	0.8	3
14	0.7	12	0.5	1
14	0.7	12	0.6	320
14	0.7	12	0.7	987
14	0.7	12	0.8	4
14	0.7	13	0.5	1
14	0.7	13	0.6	655
14	0.7	13	0.7	2116
14	0.7	13	0.8	34
14	0.7	14	0.6	472
14	0.7	14	0.7	1811
14	0.7	14	0.8	283
14	0.7	14	0.9	4
14	0.7	15	0.6	74
14	0.7	15	0.7	257
14	0.7	15	0.8	983
14	0.7	15	0.9	5
14	0.7	16	0.6	9
14	0.7	16	0.7	70
14	0.7	16	0.8	106
14	0.7	17	0.7	2
14	0.8	11	0.8	1
14	0.8	12	0.8	22
14	0.8	13	0.7	13
14	0.8	13	0.8	245
14	0.8	13	0.9	6
14	0.8	14	0.6	1
14	0.8	14	0.7	29
14	0.8	14	0.8	2686
14	0.8	14	0.9	65
14	0.8	15	0.7	139
14	0.8	15	0.8	8846
14	0.8	15	0.9	35
14	0.8	16	0.7	124
14	0.8	16	0.8	568
14	0.8	17	0.6	1
14	0.8	17	0.7	17
14	0.8	17	0.8	2
14	0.9	12	0.7	1
14	0.9	12	0.8	11
14	0.9	12	0.9	1
14	0.9	13	0.7	10
14	0.9	13	0.8	135
14	0.9	13	0.9	3
14	0.9	14	0.7	13
14	0.9	14	0.8	2423
14	0.9	14	0.9	189
14	0.9	15	0.7	141
14	0.9	15	0.8	9057
14	0.9	15	0.9	42
14	0.9	16	0.7	116
14	0.9	16	0.8	643
14	0.9	17	0.7	13
14	0.9	17	0.8	1
14	0.9	18	0.7	1
15	0.1	3	0.2	6
15	0.1	3	0.3	1
15	0.1	4	0.1	4
15	0.1	4	0.2	28
15	0.1	4	0.4	6
15	0.1	5	0.1	75
15	0.1	5	0.2	49
15	0.1	5	0.3	8
15	0.1	5	0.4	1
15	0.1	6	0.1	45
15	0.1	6	0.2	37
15	0.1	6	0.3	19
15	0.1	6	0.4	7
15	0.1	7	0.1	35
15	0.1	7	0.2	81
15	0.1	7	0.3	19
15	0.1	7	0.4	3
15	0.1	8	0.1	69
15	0.1	8	0.2	179
15	0.1	8	0.3	23
15	0.1	8	0.4	1
15	0.1	9	0.1	80
15	0.1	9	0.2	213
15	0.1	9	0.3	56
15	0.1	9	0.4	4
15	0.1	10	0.1	138
15	0.1	10	0.2	229
15	0.1	10	0.3	74
15	0.1	10	0.4	2
15	0.1	11	0.1	229
15	0.1	11	0.2	303
15	0.1	11	0.3	39
15	0.1	12	0.1	359
15	0.1	12	0.2	300
15	0.1	12	0.3	25
15	0.1	13	0.1	505
15	0.1	13	0.2	315
15	0.1	13	0.3	19
15	0.1	14	0.1	864
15	0.1	14	0.2	451
15	0.1	14	0.3	24
15	0.1	15	0.1	1416
15	0.1	15	0.2	524
15	0.1	15	0.3	32
15	0.1	16	0.1	1248
15	0.1	16	0.2	471
15	0.1	16	0.3	20
15	0.1	17	0.1	905
15	0.1	17	0.2	295
15	0.1	17	0.3	23
15	0.1	18	0.1	663
15	0.1	18	0.2	224
15	0.1	18	0.3	8
15	0.1	19	0.1	418
15	0.1	19	0.2	177
15	0.1	19	0.3	3
15	0.1	20	0.1	426
15	0.1	20	0.2	166
15	0.1	21	0.1	329
15	0.1	21	0.2	67
15	0.1	21	0.3	7
15	0.1	22	0.1	166
15	0.1	22	0.2	27
15	0.1	22	0.3	6
15	0.1	22	0.4	1
15	0.1	23	0.1	103
15	0.1	23	0.2	19
15	0.1	23	0.3	8
15	0.1	23	0.4	1
15	0.1	24	0.1	43
15	0.1	24	0.2	16
15	0.1	24	0.3	3
15	0.1	25	0.1	39
15	0.1	25	0.2	7
15	0.1	26	0.1	8
15	0.1	26	0.2	2
15	0.1	27	0.1	4
15	0.2	5	0.3	2
15	0.2	6	0.3	17
15	0.2	7	0.2	1
15	0.2	7	0.3	42
15	0.2	8	0.2	3
15	0.2	8	0.3	73
15	0.2	8	0.4	1
15	0.2	9	0.2	13
15	0.2	9	0.3	135
15	0.2	9	0.4	6
15	0.2	10	0.2	26
15	0.2	10	0.3	299
15	0.2	10	0.4	38
15	0.2	10	0.5	2
15	0.2	11	0.2	67
15	0.2	11	0.3	369
15	0.2	11	0.4	35
15	0.2	12	0.2	134
15	0.2	12	0.3	524
15	0.2	12	0.4	48
15	0.2	12	0.5	1
15	0.2	13	0.2	259
15	0.2	13	0.3	885
15	0.2	13	0.4	30
15	0.2	14	0.2	624
15	0.2	14	0.3	1647
15	0.2	14	0.4	6
15	0.2	15	0.2	1051
15	0.2	15	0.3	2628
15	0.2	15	0.4	3
15	0.2	16	0.2	655
15	0.2	16	0.3	2301
15	0.2	16	0.4	4
15	0.2	17	0.2	131
15	0.2	17	0.3	611
15	0.2	18	0.2	12
15	0.2	18	0.3	98
15	0.2	19	0.2	1
15	0.2	19	0.3	18
15	0.3	6	0.3	1
15	0.3	7	0.2	1
15	0.3	7	0.3	16
15	0.3	7	0.4	4
15	0.3	8	0.3	64
15	0.3	8	0.4	2
15	0.3	9	0.2	3
15	0.3	9	0.3	137
15	0.3	9	0.4	9
15	0.3	10	0.2	8
15	0.3	10	0.3	210
15	0.3	10	0.4	7
15	0.3	11	0.2	33
15	0.3	11	0.3	409
15	0.3	11	0.4	50
15	0.3	12	0.2	104
15	0.3	12	0.3	783
15	0.3	12	0.4	129
15	0.3	13	0.2	189
15	0.3	13	0.3	1477
15	0.3	13	0.4	87
15	0.3	14	0.2	268
15	0.3	14	0.3	2174
15	0.3	14	0.4	28
15	0.3	15	0.2	424
15	0.3	15	0.3	2501
15	0.3	15	0.4	13
15	0.3	16	0.2	497
15	0.3	16	0.3	2262
15	0.3	16	0.4	24
15	0.3	17	0.2	132
15	0.3	17	0.3	661
15	0.3	17	0.4	6
15	0.3	18	0.2	9
15	0.3	18	0.3	69
15	0.3	18	0.4	1
15	0.3	19	0.2	1
15	0.3	19	0.3	7
15	0.4	7	0.3	7
15	0.4	7	0.4	3
15	0.4	8	0.3	14
15	0.4	8	0.4	26
15	0.4	8	0.5	25
15	0.4	9	0.3	23
15	0.4	9	0.4	74
15	0.4	9	0.5	48
15	0.4	9	0.6	1
15	0.4	10	0.3	26
15	0.4	10	0.4	112
15	0.4	10	0.5	56
15	0.4	10	0.6	5
15	0.4	11	0.2	2
15	0.4	11	0.3	116
15	0.4	11	0.4	198
15	0.4	11	0.5	92
15	0.4	11	0.6	25
15	0.4	12	0.2	3
15	0.4	12	0.3	234
15	0.4	12	0.4	361
15	0.4	12	0.5	141
15	0.4	12	0.6	3
15	0.4	13	0.2	7
15	0.4	13	0.3	510
15	0.4	13	0.4	720
15	0.4	13	0.5	121
15	0.4	13	0.6	2
15	0.4	14	0.2	27
15	0.4	14	0.3	926
15	0.4	14	0.4	1249
15	0.4	14	0.5	85
15	0.4	15	0.2	45
15	0.4	15	0.3	1526
15	0.4	15	0.4	1550
15	0.4	15	0.5	46
15	0.4	16	0.2	87
15	0.4	16	0.3	1500
15	0.4	16	0.4	668
15	0.4	16	0.5	9
15	0.4	17	0.2	133
15	0.4	17	0.3	1226
15	0.4	17	0.4	97
15	0.4	18	0.2	63
15	0.4	18	0.3	534
15	0.4	18	0.4	22
15	0.4	19	0.2	4
15	0.4	19	0.3	44
15	0.4	19	0.4	3
15	0.4	20	0.2	1
15	0.6	5	0.7	3
15	0.6	6	0.6	1
15	0.6	6	0.7	6
15	0.6	7	0.6	5
15	0.6	7	0.7	10
15	0.6	7	0.8	15
15	0.6	8	0.6	12
15	0.6	8	0.7	24
15	0.6	8	0.8	30
15	0.6	9	0.5	2
15	0.6	9	0.6	28
15	0.6	9	0.7	64
15	0.6	9	0.8	27
15	0.6	10	0.5	7
15	0.6	10	0.6	36
15	0.6	10	0.7	140
15	0.6	10	0.8	22
15	0.6	11	0.5	3
15	0.6	11	0.6	42
15	0.6	11	0.7	64
15	0.6	11	0.8	8
15	0.6	12	0.5	27
15	0.6	12	0.6	98
15	0.6	12	0.7	89
15	0.6	12	0.8	11
15	0.6	13	0.5	20
15	0.6	13	0.6	97
15	0.6	13	0.7	130
15	0.6	13	0.8	109
15	0.6	14	0.4	1
15	0.6	14	0.5	25
15	0.6	14	0.6	217
15	0.6	14	0.7	396
15	0.6	14	0.8	1318
15	0.6	14	0.9	27
15	0.6	15	0.4	2
15	0.6	15	0.5	53
15	0.6	15	0.6	500
15	0.6	15	0.7	828
15	0.6	15	0.8	4937
15	0.6	15	0.9	15
15	0.6	16	0.4	1
15	0.6	16	0.5	44
15	0.6	16	0.6	342
15	0.6	16	0.7	1127
15	0.6	16	0.8	699
15	0.6	17	0.5	13
15	0.6	17	0.6	243
15	0.6	17	0.7	498
15	0.6	17	0.8	30
15	0.6	18	0.5	7
15	0.6	18	0.6	198
15	0.6	18	0.7	85
15	0.6	19	0.5	11
15	0.6	19	0.6	47
15	0.6	19	0.7	4
15	0.6	20	0.5	1
15	0.6	20	0.6	1
15	0.7	12	0.8	4
15	0.7	13	0.7	1
15	0.7	13	0.8	106
15	0.7	14	0.7	9
15	0.7	14	0.8	900
15	0.7	14	0.9	21
15	0.7	15	0.7	84
15	0.7	15	0.8	3307
15	0.7	15	0.9	13
15	0.7	16	0.7	72
15	0.7	16	0.8	264
15	0.7	17	0.7	17
15	0.7	17	0.8	1
15	0.7	18	0.7	1
15	0.8	5	0.6	8
15	0.8	5	0.7	10
15	0.8	6	0.6	25
15	0.8	6	0.7	97
15	0.8	7	0.6	45
15	0.8	7	0.7	222
15	0.8	7	0.8	3
15	0.8	8	0.6	56
15	0.8	8	0.7	170
15	0.8	8	0.8	1
15	0.8	9	0.6	58
15	0.8	9	0.7	145
15	0.8	9	0.8	1
15	0.8	10	0.6	34
15	0.8	10	0.7	203
15	0.8	10	0.8	1
15	0.8	11	0.6	47
15	0.8	11	0.7	193
15	0.8	11	0.8	1
15	0.8	12	0.6	80
15	0.8	12	0.7	270
15	0.8	12	0.8	5
15	0.8	13	0.6	230
15	0.8	13	0.7	658
15	0.8	13	0.8	35
15	0.8	14	0.6	117
15	0.8	14	0.7	344
15	0.8	14	0.8	354
15	0.8	14	0.9	9
15	0.8	15	0.6	8
15	0.8	15	0.7	61
15	0.8	15	0.8	1435
15	0.8	15	0.9	4
15	0.8	16	0.7	29
15	0.8	16	0.8	132
15	0.8	17	0.7	3
15	0.8	17	0.8	5
15	0.8	18	0.7	1
15	0.9	12	0.8	3
15	0.9	12	0.9	1
15	0.9	13	0.7	4
15	0.9	13	0.8	132
15	0.9	13	0.9	1
15	0.9	14	0.7	16
15	0.9	14	0.8	2395
15	0.9	14	0.9	61
15	0.9	15	0.7	115
15	0.9	15	0.8	9111
15	0.9	15	0.9	164
15	0.9	16	0.7	94
15	0.9	16	0.8	679
15	0.9	17	0.7	13
15	0.9	17	0.8	11
16	0.1	3	0.2	18
16	0.1	3	0.3	7
16	0.1	4	0.1	8
16	0.1	4	0.2	74
16	0.1	4	0.3	6
16	0.1	5	0.1	16
16	0.1	5	0.2	62
16	0.1	5	0.3	35
16	0.1	6	0.1	20
16	0.1	6	0.2	33
16	0.1	6	0.3	12
16	0.1	7	0.1	38
16	0.1	7	0.2	45
16	0.1	7	0.3	9
16	0.1	8	0.1	34
16	0.1	8	0.2	85
16	0.1	8	0.3	7
16	0.1	9	0.1	60
16	0.1	9	0.2	109
16	0.1	9	0.3	10
16	0.1	10	0.1	68
16	0.1	10	0.2	175
16	0.1	10	0.3	24
16	0.1	10	0.4	1
16	0.1	11	0.1	101
16	0.1	11	0.2	186
16	0.1	11	0.3	47
16	0.1	12	0.1	171
16	0.1	12	0.2	259
16	0.1	12	0.3	52
16	0.1	12	0.4	1
16	0.1	13	0.1	304
16	0.1	13	0.2	354
16	0.1	13	0.3	62
16	0.1	14	0.1	537
16	0.1	14	0.2	508
16	0.1	14	0.3	56
16	0.1	15	0.1	895
16	0.1	15	0.2	548
16	0.1	15	0.3	38
16	0.1	15	0.4	1
16	0.1	16	0.1	1209
16	0.1	16	0.2	513
16	0.1	16	0.3	72
16	0.1	16	0.4	1
16	0.1	17	0.1	1067
16	0.1	17	0.2	362
16	0.1	17	0.3	53
16	0.1	18	0.1	854
16	0.1	18	0.2	315
16	0.1	18	0.3	21
16	0.1	19	0.1	627
16	0.1	19	0.2	264
16	0.1	19	0.3	17
16	0.1	20	0.1	468
16	0.1	20	0.2	175
16	0.1	20	0.3	22
16	0.1	21	0.1	390
16	0.1	21	0.2	131
16	0.1	21	0.3	27
16	0.1	22	0	3
16	0.1	22	0.1	365
16	0.1	22	0.2	100
16	0.1	22	0.3	14
16	0.1	23	0	2
16	0.1	23	0.1	189
16	0.1	23	0.2	46
16	0.1	23	0.3	2
16	0.1	24	0	7
16	0.1	24	0.1	154
16	0.1	24	0.2	12
16	0.1	25	0.1	111
16	0.1	25	0.2	7
16	0.1	26	0	1
16	0.1	26	0.1	64
16	0.1	26	0.2	4
16	0.1	27	0	1
16	0.1	27	0.1	36
16	0.1	27	0.2	3
16	0.1	28	0	3
16	0.1	28	0.1	12
16	0.2	4	0.2	2
16	0.2	5	0.2	1
16	0.2	5	0.3	3
16	0.2	6	0.2	5
16	0.2	6	0.3	6
16	0.2	7	0.2	2
16	0.2	7	0.3	1
16	0.2	8	0.2	6
16	0.2	8	0.3	2
16	0.2	9	0.2	2
16	0.2	9	0.3	5
16	0.2	9	0.4	1
16	0.2	10	0.2	6
16	0.2	10	0.3	51
16	0.2	10	0.4	2
16	0.2	11	0.2	18
16	0.2	11	0.3	141
16	0.2	11	0.4	5
16	0.2	12	0.2	51
16	0.2	12	0.3	254
16	0.2	12	0.4	2
16	0.2	13	0.2	93
16	0.2	13	0.3	468
16	0.2	13	0.4	8
16	0.2	14	0.2	212
16	0.2	14	0.3	964
16	0.2	14	0.4	12
16	0.2	15	0.2	508
16	0.2	15	0.3	2567
16	0.2	15	0.4	8
16	0.2	16	0.2	1198
16	0.2	16	0.3	3782
16	0.2	16	0.4	8
16	0.2	17	0.2	559
16	0.2	17	0.3	1546
16	0.2	17	0.4	1
16	0.2	18	0.2	78
16	0.2	18	0.3	171
16	0.2	19	0.2	15
16	0.2	19	0.3	29
16	0.2	20	0.2	6
16	0.2	21	0.2	1
16	0.3	5	0.3	3
16	0.3	6	0.3	21
16	0.3	7	0.3	4
16	0.3	7	0.4	2
16	0.3	8	0.2	5
16	0.3	8	0.3	6
16	0.3	8	0.4	11
16	0.3	9	0.2	7
16	0.3	9	0.3	37
16	0.3	9	0.4	3
16	0.3	10	0.2	15
16	0.3	10	0.3	131
16	0.3	10	0.4	8
16	0.3	11	0.2	63
16	0.3	11	0.3	210
16	0.3	11	0.4	67
16	0.3	11	0.5	10
16	0.3	12	0.2	98
16	0.3	12	0.3	476
16	0.3	12	0.4	96
16	0.3	12	0.5	2
16	0.3	13	0.2	124
16	0.3	13	0.3	742
16	0.3	13	0.4	165
16	0.3	13	0.5	1
16	0.3	14	0.2	228
16	0.3	14	0.3	1311
16	0.3	14	0.4	158
16	0.3	14	0.5	1
16	0.3	15	0.2	455
16	0.3	15	0.3	2439
16	0.3	15	0.4	34
16	0.3	16	0.2	685
16	0.3	16	0.3	3520
16	0.3	16	0.4	6
16	0.3	17	0.2	240
16	0.3	17	0.3	1170
16	0.3	17	0.4	3
16	0.3	18	0.2	22
16	0.3	18	0.3	153
16	0.3	19	0.2	6
16	0.3	19	0.3	34
16	0.3	20	0.2	6
16	0.3	20	0.3	13
16	0.3	21	0.2	4
16	0.3	21	0.3	5
16	0.4	7	0.3	1
16	0.4	7	0.4	12
16	0.4	7	0.5	2
16	0.4	8	0.3	2
16	0.4	8	0.4	29
16	0.4	8	0.5	27
16	0.4	9	0.3	3
16	0.4	9	0.4	44
16	0.4	9	0.5	46
16	0.4	10	0.3	15
16	0.4	10	0.4	55
16	0.4	10	0.5	36
16	0.4	11	0.2	1
16	0.4	11	0.3	52
16	0.4	11	0.4	70
16	0.4	11	0.5	33
16	0.4	12	0.2	16
16	0.4	12	0.3	96
16	0.4	12	0.4	160
16	0.4	12	0.5	37
16	0.4	13	0.2	42
16	0.4	13	0.3	195
16	0.4	13	0.4	313
16	0.4	13	0.5	38
16	0.4	14	0.2	52
16	0.4	14	0.3	422
16	0.4	14	0.4	490
16	0.4	14	0.5	42
16	0.4	15	0.2	117
16	0.4	15	0.3	1092
16	0.4	15	0.4	814
16	0.4	15	0.5	38
16	0.4	16	0.2	215
16	0.4	16	0.3	2335
16	0.4	16	0.4	962
16	0.4	16	0.5	19
16	0.4	17	0.2	237
16	0.4	17	0.3	2617
16	0.4	17	0.4	275
16	0.4	17	0.5	19
16	0.4	18	0.2	162
16	0.4	18	0.3	1340
16	0.4	18	0.4	64
16	0.4	18	0.5	8
16	0.4	19	0.2	24
16	0.4	19	0.3	115
16	0.4	19	0.4	14
16	0.4	20	0.2	1
16	0.4	20	0.3	1
16	0.6	6	0.8	1
16	0.6	7	0.7	2
16	0.6	7	0.8	27
16	0.6	8	0.7	3
16	0.6	8	0.8	25
16	0.6	9	0.6	2
16	0.6	9	0.7	1
16	0.6	9	0.8	11
16	0.6	10	0.6	11
16	0.6	10	0.7	7
16	0.6	10	0.8	2
16	0.6	11	0.6	19
16	0.6	11	0.7	5
16	0.6	12	0.6	29
16	0.6	12	0.7	17
16	0.6	12	0.8	11
16	0.6	13	0.6	25
16	0.6	13	0.7	60
16	0.6	13	0.8	85
16	0.6	13	0.9	3
16	0.6	14	0.6	54
16	0.6	14	0.7	187
16	0.6	14	0.8	1380
16	0.6	14	0.9	28
16	0.6	15	0.5	3
16	0.6	15	0.6	201
16	0.6	15	0.7	712
16	0.6	15	0.8	5507
16	0.6	15	0.9	21
16	0.6	16	0.5	11
16	0.6	16	0.6	507
16	0.6	16	0.7	1340
16	0.6	16	0.8	937
16	0.6	17	0.5	22
16	0.6	17	0.6	319
16	0.6	17	0.7	796
16	0.6	17	0.8	46
16	0.6	18	0.5	6
16	0.6	18	0.6	170
16	0.6	18	0.7	139
16	0.6	19	0.5	5
16	0.6	19	0.6	45
16	0.6	19	0.7	10
16	0.6	20	0.6	8
16	0.7	12	0.8	6
16	0.7	13	0.8	88
16	0.7	13	0.9	2
16	0.7	14	0.7	4
16	0.7	14	0.8	827
16	0.7	14	0.9	23
16	0.7	15	0.7	60
16	0.7	15	0.8	3128
16	0.7	15	0.9	11
16	0.7	16	0.7	80
16	0.7	16	0.8	263
16	0.7	17	0.7	7
16	0.7	17	0.8	1
16	0.8	12	0.8	7
16	0.8	13	0.7	2
16	0.8	13	0.8	100
16	0.8	13	0.9	2
16	0.8	14	0.7	20
16	0.8	14	0.8	2388
16	0.8	14	0.9	51
16	0.8	15	0.7	132
16	0.8	15	0.8	8954
16	0.8	15	0.9	42
16	0.8	16	0.7	130
16	0.8	16	0.8	951
16	0.8	17	0.7	10
16	0.8	17	0.8	11
17	0.1	4	0.2	1
17	0.1	5	0.1	4
17	0.1	5	0.2	4
17	0.1	6	0.1	3
17	0.1	6	0.2	1
17	0.1	7	0.1	8
17	0.1	7	0.2	4
17	0.1	8	0.1	14
17	0.1	8	0.2	8
17	0.1	9	0.1	9
17	0.1	9	0.2	26
17	0.1	10	0.1	14
17	0.1	10	0.2	45
17	0.1	10	0.3	6
17	0.1	11	0.1	21
17	0.1	11	0.2	78
17	0.1	11	0.3	18
17	0.1	12	0.1	92
17	0.1	12	0.2	91
17	0.1	12	0.3	42
17	0.1	13	0.1	163
17	0.1	13	0.2	151
17	0.1	13	0.3	23
17	0.1	14	0.1	344
17	0.1	14	0.2	258
17	0.1	14	0.3	18
17	0.1	15	0.1	565
17	0.1	15	0.2	312
17	0.1	15	0.3	36
17	0.1	16	0.1	991
17	0.1	16	0.2	397
17	0.1	16	0.3	40
17	0.1	17	0.1	1366
17	0.1	17	0.2	508
17	0.1	17	0.3	31
17	0.1	17	0.4	3
17	0.1	18	0.1	1147
17	0.1	18	0.2	492
17	0.1	18	0.3	14
17	0.1	18	0.4	5
17	0.1	19	0.1	1005
17	0.1	19	0.2	370
17	0.1	19	0.3	32
17	0.1	19	0.4	9
17	0.1	20	0.1	887
17	0.1	20	0.2	323
17	0.1	20	0.3	22
17	0.1	20	0.4	27
17	0.1	20	0.5	1
17	0.1	21	0.1	665
17	0.1	21	0.2	246
17	0.1	21	0.3	29
17	0.1	21	0.4	5
17	0.1	22	0	2
17	0.1	22	0.1	564
17	0.1	22	0.2	183
17	0.1	22	0.3	19
17	0.1	22	0.4	2
17	0.1	23	0	2
17	0.1	23	0.1	366
17	0.1	23	0.2	117
17	0.1	23	0.3	7
17	0.1	24	0	1
17	0.1	24	0.1	241
17	0.1	24	0.2	60
17	0.1	25	0.1	109
17	0.1	25	0.2	52
17	0.1	26	0	3
17	0.1	26	0.1	68
17	0.1	26	0.2	10
17	0.1	27	0	1
17	0.1	27	0.1	11
17	0.1	27	0.2	8
17	0.2	8	0.3	2
17	0.2	9	0.2	5
17	0.2	9	0.3	24
17	0.2	10	0.2	12
17	0.2	10	0.3	55
17	0.2	10	0.4	14
17	0.2	11	0.2	23
17	0.2	11	0.3	110
17	0.2	11	0.4	27
17	0.2	12	0.2	28
17	0.2	12	0.3	208
17	0.2	12	0.4	29
17	0.2	13	0.2	84
17	0.2	13	0.3	353
17	0.2	13	0.4	37
17	0.2	14	0.2	183
17	0.2	14	0.3	771
17	0.2	14	0.4	44
17	0.2	15	0.2	425
17	0.2	15	0.3	1908
17	0.2	15	0.4	48
17	0.2	16	0.2	1047
17	0.2	16	0.3	3296
17	0.2	16	0.4	44
17	0.2	17	0.2	967
17	0.2	17	0.3	2119
17	0.2	17	0.4	37
17	0.2	18	0.2	135
17	0.2	18	0.3	650
17	0.2	18	0.4	6
17	0.2	19	0.2	11
17	0.2	19	0.3	97
17	0.2	20	0.3	1
17	0.3	7	0.2	2
17	0.3	7	0.3	7
17	0.3	8	0.2	2
17	0.3	8	0.3	23
17	0.3	8	0.4	2
17	0.3	9	0.3	47
17	0.3	9	0.4	6
17	0.3	10	0.2	1
17	0.3	10	0.3	78
17	0.3	10	0.4	5
17	0.3	11	0.2	9
17	0.3	11	0.3	140
17	0.3	11	0.4	1
17	0.3	12	0.2	24
17	0.3	12	0.3	174
17	0.3	13	0.2	67
17	0.3	13	0.3	293
17	0.3	14	0.2	159
17	0.3	14	0.3	717
17	0.3	14	0.4	10
17	0.3	15	0.2	368
17	0.3	15	0.3	2001
17	0.3	15	0.4	25
17	0.3	16	0.2	692
17	0.3	16	0.3	3836
17	0.3	16	0.4	54
17	0.3	17	0.2	423
17	0.3	17	0.3	2754
17	0.3	17	0.4	28
17	0.3	18	0.2	62
17	0.3	18	0.3	727
17	0.3	18	0.4	4
17	0.3	19	0.2	9
17	0.3	19	0.3	46
17	0.3	19	0.4	1
17	0.3	20	0.3	3
17	0.6	11	0.7	1
17	0.6	11	0.8	3
17	0.6	12	0.7	12
17	0.6	12	0.8	8
17	0.6	13	0.7	27
17	0.6	13	0.8	129
17	0.6	13	0.9	1
17	0.6	14	0.6	15
17	0.6	14	0.7	95
17	0.6	14	0.8	1501
17	0.6	14	0.9	27
17	0.6	15	0.5	3
17	0.6	15	0.6	48
17	0.6	15	0.7	469
17	0.6	15	0.8	6116
17	0.6	15	0.9	10
17	0.6	16	0.5	2
17	0.6	16	0.6	116
17	0.6	16	0.7	1202
17	0.6	16	0.8	973
17	0.6	17	0.5	8
17	0.6	17	0.6	457
17	0.6	17	0.7	1002
17	0.6	17	0.8	86
17	0.6	18	0.5	21
17	0.6	18	0.6	184
17	0.6	18	0.7	236
17	0.6	19	0.5	3
17	0.6	19	0.6	35
17	0.6	19	0.7	10
17	0.7	12	0.7	2
17	0.7	12	0.8	79
17	0.7	13	0.7	5
17	0.7	13	0.8	150
17	0.7	13	0.9	3
17	0.7	14	0.7	18
17	0.7	14	0.8	1061
17	0.7	14	0.9	23
17	0.7	15	0.7	83
17	0.7	15	0.8	4209
17	0.7	15	0.9	27
17	0.7	16	0.7	96
17	0.7	16	0.8	372
17	0.7	17	0.7	58
17	0.7	17	0.8	14
17	0.8	12	0.8	22
17	0.8	13	0.7	7
17	0.8	13	0.8	130
17	0.8	13	0.9	1
17	0.8	14	0.7	20
17	0.8	14	0.8	2101
17	0.8	14	0.9	56
17	0.8	15	0.7	183
17	0.8	15	0.8	8557
17	0.8	15	0.9	30
17	0.8	16	0.7	265
17	0.8	16	0.8	1076
17	0.8	17	0.6	1
17	0.8	17	0.7	149
17	0.8	17	0.8	194
17	0.8	18	0.7	8
18	0.1	3	0.2	2
18	0.1	4	0.1	4
18	0.1	4	0.2	38
18	0.1	5	0.1	3
18	0.1	5	0.2	33
18	0.1	6	0.1	2
18	0.1	6	0.2	17
18	0.1	7	0.2	6
18	0.1	8	0.1	15
18	0.1	8	0.2	3
18	0.1	9	0.1	25
18	0.1	9	0.2	17
18	0.1	10	0.1	35
18	0.1	10	0.2	23
18	0.1	11	0.1	31
18	0.1	11	0.2	42
18	0.1	12	0.1	48
18	0.1	12	0.2	86
18	0.1	12	0.3	3
18	0.1	13	0.1	105
18	0.1	13	0.2	139
18	0.1	13	0.3	2
18	0.1	14	0.1	174
18	0.1	14	0.2	180
18	0.1	14	0.3	1
18	0.1	15	0.1	318
18	0.1	15	0.2	271
18	0.1	15	0.3	10
18	0.1	16	0.1	477
18	0.1	16	0.2	417
18	0.1	16	0.3	19
18	0.1	17	0.1	717
18	0.1	17	0.2	484
18	0.1	17	0.3	25
18	0.1	18	0	1
18	0.1	18	0.1	1306
18	0.1	18	0.2	561
18	0.1	18	0.3	19
18	0.1	19	0	2
18	0.1	19	0.1	1096
18	0.1	19	0.2	457
18	0.1	19	0.3	7
18	0.1	20	0	1
18	0.1	20	0.1	874
18	0.1	20	0.2	404
18	0.1	20	0.3	11
18	0.1	21	0	2
18	0.1	21	0.1	871
18	0.1	21	0.2	257
18	0.1	21	0.3	12
18	0.1	22	0	5
18	0.1	22	0.1	809
18	0.1	22	0.2	215
18	0.1	22	0.3	12
18	0.1	23	0	2
18	0.1	23	0.1	667
18	0.1	23	0.2	122
18	0.1	23	0.3	3
18	0.1	24	0	5
18	0.1	24	0.1	513
18	0.1	24	0.2	102
18	0.1	24	0.3	1
18	0.1	25	0	10
18	0.1	25	0.1	273
18	0.1	25	0.2	41
18	0.1	26	0	6
18	0.1	26	0.1	179
18	0.1	26	0.2	9
18	0.1	27	0	5
18	0.1	27	0.1	90
18	0.1	27	0.2	1
18	0.1	28	0	16
18	0.1	28	0.1	31
18	0.1	29	0	12
18	0.1	29	0.1	13
18	0.1	30	0	5
18	0.2	9	0.2	2
18	0.2	9	0.3	7
18	0.2	10	0.2	9
18	0.2	10	0.3	27
18	0.2	11	0.2	2
18	0.2	11	0.3	10
18	0.2	11	0.4	2
18	0.2	12	0.2	5
18	0.2	12	0.3	19
18	0.2	12	0.4	4
18	0.2	13	0.2	17
18	0.2	13	0.3	63
18	0.2	13	0.4	4
18	0.2	14	0.2	24
18	0.2	14	0.3	178
18	0.2	14	0.4	8
18	0.2	15	0.2	84
18	0.2	15	0.3	509
18	0.2	15	0.4	24
18	0.2	16	0.2	222
18	0.2	16	0.3	1099
18	0.2	16	0.4	70
18	0.2	17	0.2	311
18	0.2	17	0.3	1745
18	0.2	17	0.4	42
18	0.2	18	0.2	185
18	0.2	18	0.3	1106
18	0.2	18	0.4	2
18	0.2	19	0.2	29
18	0.2	19	0.3	182
18	0.2	20	0.2	1
18	0.2	20	0.3	8
18	0.3	6	0.3	5
18	0.3	7	0.3	12
18	0.3	7	0.4	3
18	0.3	8	0.2	1
18	0.3	8	0.3	22
18	0.3	9	0.2	6
18	0.3	9	0.3	23
18	0.3	9	0.4	1
18	0.3	10	0.2	6
18	0.3	10	0.3	59
18	0.3	10	0.4	2
18	0.3	11	0.2	10
18	0.3	11	0.3	125
18	0.3	11	0.4	4
18	0.3	12	0.2	16
18	0.3	12	0.3	131
18	0.3	12	0.4	13
18	0.3	12	0.5	3
18	0.3	13	0.2	33
18	0.3	13	0.3	160
18	0.3	13	0.4	73
18	0.3	13	0.5	1
18	0.3	14	0.2	83
18	0.3	14	0.3	486
18	0.3	14	0.4	78
18	0.3	14	0.5	1
18	0.3	15	0.2	220
18	0.3	15	0.3	1212
18	0.3	15	0.4	98
18	0.3	16	0.2	448
18	0.3	16	0.3	2589
18	0.3	16	0.4	107
18	0.3	17	0.2	487
18	0.3	17	0.3	3449
18	0.3	17	0.4	50
18	0.3	18	0.2	240
18	0.3	18	0.3	2250
18	0.3	18	0.4	3
18	0.3	19	0.2	51
18	0.3	19	0.3	226
18	0.3	20	0.2	8
18	0.3	20	0.3	5
18	0.6	11	0.8	1
18	0.6	12	0.7	3
18	0.6	12	0.8	20
18	0.6	13	0.7	17
18	0.6	13	0.8	109
18	0.6	13	0.9	5
18	0.6	14	0.6	1
18	0.6	14	0.7	50
18	0.6	14	0.8	1637
18	0.6	14	0.9	42
18	0.6	15	0.6	5
18	0.6	15	0.7	322
18	0.6	15	0.8	6833
18	0.6	15	0.9	21
18	0.6	16	0.6	24
18	0.6	16	0.7	854
18	0.6	16	0.8	1076
18	0.6	17	0.6	70
18	0.6	17	0.7	839
18	0.6	17	0.8	84
18	0.6	18	0.6	316
18	0.6	18	0.7	376
18	0.6	18	0.8	1
18	0.6	19	0.5	1
18	0.6	19	0.6	73
18	0.6	19	0.7	17
18	0.6	20	0.5	1
18	0.6	20	0.6	1
18	0.6	21	0.5	1
18	0.7	12	0.7	1
18	0.7	12	0.8	10
18	0.7	13	0.7	1
18	0.7	13	0.8	76
18	0.7	13	0.9	1
18	0.7	14	0.7	13
18	0.7	14	0.8	1228
18	0.7	14	0.9	25
18	0.7	15	0.7	123
18	0.7	15	0.8	4691
18	0.7	15	0.9	14
18	0.7	16	0.6	2
18	0.7	16	0.7	303
18	0.7	16	0.8	634
18	0.7	17	0.6	5
18	0.7	17	0.7	294
18	0.7	17	0.8	67
18	0.7	18	0.6	6
18	0.7	18	0.7	201
18	0.7	18	0.8	1
18	0.7	19	0.6	1
18	0.7	19	0.7	3
19	0.1	9	0.1	2
19	0.1	10	0.1	20
19	0.1	10	0.2	8
19	0.1	10	0.3	2
19	0.1	11	0.1	35
19	0.1	11	0.2	12
19	0.1	11	0.3	14
19	0.1	12	0.1	52
19	0.1	12	0.2	45
19	0.1	12	0.3	5
19	0.1	12	0.4	2
19	0.1	13	0.1	83
19	0.1	13	0.2	121
19	0.1	13	0.3	7
19	0.1	13	0.4	1
19	0.1	14	0.1	117
19	0.1	14	0.2	154
19	0.1	14	0.3	14
19	0.1	14	0.4	2
19	0.1	15	0.1	207
19	0.1	15	0.2	230
19	0.1	15	0.3	20
19	0.1	15	0.4	5
19	0.1	16	0.1	340
19	0.1	16	0.2	289
19	0.1	16	0.3	37
19	0.1	16	0.4	7
19	0.1	17	0.1	619
19	0.1	17	0.2	405
19	0.1	17	0.3	77
19	0.1	17	0.4	15
19	0.1	18	0.1	993
19	0.1	18	0.2	491
19	0.1	18	0.3	70
19	0.1	18	0.4	5
19	0.1	19	0.1	1623
19	0.1	19	0.2	543
19	0.1	19	0.3	39
19	0.1	19	0.4	1
19	0.1	20	0.1	1400
19	0.1	20	0.2	456
19	0.1	20	0.3	23
19	0.1	20	0.4	3
19	0.1	21	0.1	1153
19	0.1	21	0.2	326
19	0.1	21	0.3	7
19	0.1	21	0.4	1
19	0.1	22	0	1
19	0.1	22	0.1	764
19	0.1	22	0.2	207
19	0.1	22	0.3	5
19	0.1	23	0	1
19	0.1	23	0.1	514
19	0.1	23	0.2	111
19	0.1	23	0.3	13
19	0.1	24	0.1	335
19	0.1	24	0.2	60
19	0.1	24	0.3	3
19	0.1	25	0	2
19	0.1	25	0.1	188
19	0.1	25	0.2	62
19	0.1	26	0	12
19	0.1	26	0.1	182
19	0.1	26	0.2	45
19	0.1	27	0	12
19	0.1	27	0.1	125
19	0.1	28	0	8
19	0.1	28	0.1	39
19	0.1	29	0	6
19	0.1	29	0.1	21
19	0.1	30	0	2
19	0.1	30	0.1	1
19	0.3	8	0.4	6
19	0.3	9	0.3	2
19	0.3	9	0.4	3
19	0.3	10	0.3	9
19	0.3	10	0.4	1
19	0.3	11	0.3	10
19	0.3	11	0.4	6
19	0.3	12	0.2	2
19	0.3	12	0.3	24
19	0.3	12	0.4	2
19	0.3	13	0.2	7
19	0.3	13	0.3	55
19	0.3	13	0.4	4
19	0.3	14	0.2	16
19	0.3	14	0.3	176
19	0.3	14	0.4	21
19	0.3	15	0.2	75
19	0.3	15	0.3	495
19	0.3	15	0.4	97
19	0.3	16	0.2	230
19	0.3	16	0.3	1218
19	0.3	16	0.4	85
19	0.3	17	0.2	440
19	0.3	17	0.3	2071
19	0.3	17	0.4	15
19	0.3	18	0.2	204
19	0.3	18	0.3	1303
19	0.3	18	0.4	3
19	0.3	19	0.2	28
19	0.3	19	0.3	179
19	0.3	20	0.2	4
19	0.3	20	0.3	9
20	0.1	8	0.2	1
20	0.1	9	0.2	3
20	0.1	9	0.3	1
20	0.1	10	0.1	1
20	0.1	10	0.2	11
20	0.1	10	0.3	4
20	0.1	11	0.2	6
20	0.1	11	0.3	10
20	0.1	12	0.1	2
20	0.1	12	0.2	12
20	0.1	12	0.3	8
20	0.1	13	0.1	13
20	0.1	13	0.2	46
20	0.1	13	0.3	8
20	0.1	14	0.1	39
20	0.1	14	0.2	86
20	0.1	14	0.3	8
20	0.1	14	0.4	11
20	0.1	15	0.1	155
20	0.1	15	0.2	134
20	0.1	15	0.3	29
20	0.1	15	0.4	15
20	0.1	16	0.1	295
20	0.1	16	0.2	236
20	0.1	16	0.3	27
20	0.1	16	0.4	3
20	0.1	17	0.1	475
20	0.1	17	0.2	262
20	0.1	17	0.3	18
20	0.1	17	0.4	2
20	0.1	18	0.1	725
20	0.1	18	0.2	282
20	0.1	18	0.3	23
20	0.1	18	0.4	1
20	0.1	19	0.1	1066
20	0.1	19	0.2	347
20	0.1	19	0.3	33
20	0.1	20	0.1	1441
20	0.1	20	0.2	434
20	0.1	20	0.3	38
20	0.1	21	0	2
20	0.1	21	0.1	1258
20	0.1	21	0.2	381
20	0.1	21	0.3	15
20	0.1	22	0	1
20	0.1	22	0.1	1002
20	0.1	22	0.2	311
20	0.1	22	0.3	4
20	0.1	23	0	15
20	0.1	23	0.1	900
20	0.1	23	0.2	214
20	0.1	23	0.3	6
20	0.1	24	0	11
20	0.1	24	0.1	732
20	0.1	24	0.2	133
20	0.1	24	0.3	2
20	0.1	25	0	5
20	0.1	25	0.1	515
20	0.1	25	0.2	86
20	0.1	26	0	17
20	0.1	26	0.1	289
20	0.1	26	0.2	35
20	0.1	27	0	10
20	0.1	27	0.1	225
20	0.1	27	0.2	4
20	0.1	28	0	14
20	0.1	28	0.1	160
20	0.1	28	0.2	1
20	0.1	29	0	21
20	0.1	29	0.1	41
20	0.1	30	0	17
20	0.1	30	0.1	12
20	0.1	31	0	33
20	0.1	31	0.1	5
20	0.1	32	0	12
21	0.1	10	0.1	1
21	0.1	10	0.2	4
21	0.1	11	0.1	5
21	0.1	11	0.2	9
21	0.1	11	0.3	1
21	0.1	12	0.1	16
21	0.1	12	0.2	26
21	0.1	12	0.3	10
21	0.1	13	0.1	64
21	0.1	13	0.2	54
21	0.1	13	0.3	20
21	0.1	13	0.4	1
21	0.1	14	0.1	84
21	0.1	14	0.2	79
21	0.1	14	0.3	10
21	0.1	15	0.1	82
21	0.1	15	0.2	90
21	0.1	15	0.3	3
21	0.1	16	0.1	98
21	0.1	16	0.2	151
21	0.1	16	0.3	17
21	0.1	17	0.1	154
21	0.1	17	0.2	220
21	0.1	17	0.3	19
21	0.1	18	0.1	309
21	0.1	18	0.2	271
21	0.1	18	0.3	15
21	0.1	19	0.1	553
21	0.1	19	0.2	277
21	0.1	19	0.3	10
21	0.1	19	0.4	2
21	0.1	20	0.1	986
21	0.1	20	0.2	270
21	0.1	20	0.3	12
21	0.1	20	0.4	1
21	0.1	21	0	7
21	0.1	21	0.1	1471
21	0.1	21	0.2	299
21	0.1	21	0.3	12
21	0.1	22	0	6
21	0.1	22	0.1	1330
21	0.1	22	0.2	293
21	0.1	22	0.3	17
21	0.1	22	0.4	2
21	0.1	23	0	12
21	0.1	23	0.1	1123
21	0.1	23	0.2	243
21	0.1	23	0.3	31
21	0.1	24	0	24
21	0.1	24	0.1	1014
21	0.1	24	0.2	167
21	0.1	24	0.3	34
21	0.1	25	0	47
21	0.1	25	0.1	955
21	0.1	25	0.2	90
21	0.1	25	0.3	6
21	0.1	26	0	48
21	0.1	26	0.1	679
21	0.1	26	0.2	83
21	0.1	26	0.3	2
21	0.1	27	0	67
21	0.1	27	0.1	385
21	0.1	27	0.2	27
21	0.1	28	0	45
21	0.1	28	0.1	204
21	0.1	28	0.2	10
21	0.1	29	0	12
21	0.1	29	0.1	98
21	0.1	30	0	14
21	0.1	30	0.1	18
21	0.1	31	0	1
22	0.1	11	0.1	1
22	0.1	12	0.1	1
22	0.1	12	0.2	2
22	0.1	12	0.3	1
22	0.1	13	0.1	7
22	0.1	13	0.2	8
22	0.1	13	0.3	6
22	0.1	14	0.1	16
22	0.1	14	0.2	19
22	0.1	14	0.3	12
22	0.1	14	0.4	1
22	0.1	15	0.1	26
22	0.1	15	0.2	49
22	0.1	15	0.3	10
22	0.1	16	0.1	53
22	0.1	16	0.2	55
22	0.1	16	0.3	22
22	0.1	17	0.1	106
22	0.1	17	0.2	68
22	0.1	17	0.3	13
22	0.1	18	0.1	213
22	0.1	18	0.2	138
22	0.1	18	0.3	12
22	0.1	19	0.1	344
22	0.1	19	0.2	194
22	0.1	19	0.3	10
22	0.1	20	0.1	552
22	0.1	20	0.2	191
22	0.1	20	0.3	13
22	0.1	21	0	1
22	0.1	21	0.1	803
22	0.1	21	0.2	206
22	0.1	21	0.3	14
22	0.1	22	0	3
22	0.1	22	0.1	1444
22	0.1	22	0.2	276
22	0.1	22	0.3	12
22	0.1	23	0	12
22	0.1	23	0.1	1477
22	0.1	23	0.2	339
22	0.1	23	0.3	19
22	0.1	24	0	24
22	0.1	24	0.1	1374
22	0.1	24	0.2	261
22	0.1	24	0.3	4
22	0.1	25	0	22
22	0.1	25	0.1	1327
22	0.1	25	0.2	143
22	0.1	25	0.3	8
22	0.1	26	0	35
22	0.1	26	0.1	896
22	0.1	26	0.2	128
22	0.1	26	0.3	9
22	0.1	27	0	49
22	0.1	27	0.1	648
22	0.1	27	0.2	39
22	0.1	28	0	78
22	0.1	28	0.1	491
22	0.1	28	0.2	11
22	0.1	29	0	81
22	0.1	29	0.1	226
22	0.1	30	0	84
22	0.1	30	0.1	78
22	0.1	31	0	27
22	0.1	31	0.1	8
23	0.1	11	0.2	1
23	0.1	12	0.2	5
23	0.1	12	0.3	1
23	0.1	13	0.2	2
23	0.1	13	0.3	4
23	0.1	13	0.4	1
23	0.1	14	0.2	2
23	0.1	14	0.3	5
23	0.1	14	0.4	2
23	0.1	15	0.1	1
23	0.1	15	0.2	8
23	0.1	16	0.1	22
23	0.1	16	0.2	26
23	0.1	17	0.1	31
23	0.1	17	0.2	26
23	0.1	18	0.1	92
23	0.1	18	0.2	43
23	0.1	18	0.3	2
23	0.1	19	0.1	165
23	0.1	19	0.2	103
23	0.1	19	0.3	9
23	0.1	20	0	1
23	0.1	20	0.1	265
23	0.1	20	0.2	161
23	0.1	20	0.3	1
23	0.1	21	0.1	454
23	0.1	21	0.2	274
23	0.1	21	0.3	17
23	0.1	22	0	6
23	0.1	22	0.1	822
23	0.1	22	0.2	411
23	0.1	22	0.3	18
23	0.1	23	0	5
23	0.1	23	0.1	1526
23	0.1	23	0.2	439
23	0.1	23	0.3	17
23	0.1	23	0.4	2
23	0.1	24	0	11
23	0.1	24	0.1	1434
23	0.1	24	0.2	355
23	0.1	24	0.3	10
23	0.1	24	0.4	4
23	0.1	25	0	21
23	0.1	25	0.1	1410
23	0.1	25	0.2	282
23	0.1	25	0.3	20
23	0.1	25	0.4	6
23	0.1	26	0	45
23	0.1	26	0.1	1289
23	0.1	26	0.2	161
23	0.1	26	0.3	3
23	0.1	27	0	89
23	0.1	27	0.1	1018
23	0.1	27	0.2	47
23	0.1	28	0	109
23	0.1	28	0.1	613
23	0.1	28	0.2	10
23	0.1	29	0	149
23	0.1	29	0.1	348
23	0.1	29	0.2	1
23	0.1	30	0	165
23	0.1	30	0.1	134
23	0.1	31	0	79
23	0.1	31	0.1	9
23	0.1	32	0	8
24	0.1	14	0.1	1
24	0.1	14	0.3	1
24	0.1	15	0.1	8
24	0.1	15	0.2	5
24	0.1	15	0.3	9
24	0.1	16	0.1	27
24	0.1	16	0.2	12
24	0.1	16	0.3	6
24	0.1	17	0.1	31
24	0.1	17	0.2	12
24	0.1	17	0.3	3
24	0.1	18	0.1	73
24	0.1	18	0.2	20
24	0.1	18	0.3	2
24	0.1	19	0.1	159
24	0.1	19	0.2	46
24	0.1	20	0.1	257
24	0.1	20	0.2	124
24	0.1	20	0.3	4
24	0.1	21	0	2
24	0.1	21	0.1	465
24	0.1	21	0.2	148
24	0.1	21	0.3	25
24	0.1	22	0	5
24	0.1	22	0.1	675
24	0.1	22	0.2	222
24	0.1	22	0.3	27
24	0.1	23	0	11
24	0.1	23	0.1	985
24	0.1	23	0.2	282
24	0.1	23	0.3	16
24	0.1	24	0	36
24	0.1	24	0.1	1749
24	0.1	24	0.2	257
24	0.1	24	0.3	17
24	0.1	25	0	75
24	0.1	25	0.1	1889
24	0.1	25	0.2	229
24	0.1	25	0.3	8
24	0.1	26	0	139
24	0.1	26	0.1	1494
24	0.1	26	0.2	188
24	0.1	26	0.3	2
24	0.1	27	0	178
24	0.1	27	0.1	1193
24	0.1	27	0.2	63
24	0.1	28	0	177
24	0.1	28	0.1	675
24	0.1	28	0.2	16
24	0.1	29	0	169
24	0.1	29	0.1	328
24	0.1	30	0	134
24	0.1	30	0.1	86
24	0.1	31	0	18
24	0.1	31	0.1	17
25	0.1	12	0.2	1
25	0.1	13	0.2	10
25	0.1	14	0.2	2
25	0.1	15	0.1	5
25	0.1	15	0.2	2
25	0.1	16	0.1	6
25	0.1	16	0.2	13
25	0.1	16	0.3	1
25	0.1	17	0.1	22
25	0.1	17	0.2	46
25	0.1	17	0.3	4
25	0.1	18	0.1	40
25	0.1	18	0.2	51
25	0.1	18	0.3	4
25	0.1	19	0.1	87
25	0.1	19	0.2	96
25	0.1	19	0.3	16
25	0.1	20	0	2
25	0.1	20	0.1	150
25	0.1	20	0.2	101
25	0.1	20	0.3	13
25	0.1	21	0.1	280
25	0.1	21	0.2	145
25	0.1	21	0.3	9
25	0.1	22	0	3
25	0.1	22	0.1	432
25	0.1	22	0.2	231
25	0.1	22	0.3	22
25	0.1	23	0	6
25	0.1	23	0.1	894
25	0.1	23	0.2	355
25	0.1	23	0.3	30
25	0.1	24	0	16
25	0.1	24	0.1	1356
25	0.1	24	0.2	420
25	0.1	24	0.3	27
25	0.1	25	0	31
25	0.1	25	0.1	1949
25	0.1	25	0.2	389
25	0.1	25	0.3	7
25	0.1	26	0	82
25	0.1	26	0.1	1859
25	0.1	26	0.2	249
25	0.1	26	0.3	2
25	0.1	27	0	82
25	0.1	27	0.1	1275
25	0.1	27	0.2	119
25	0.1	28	0	97
25	0.1	28	0.1	741
25	0.1	28	0.2	24
25	0.1	29	0	126
25	0.1	29	0.1	429
25	0.1	29	0.2	2
25	0.1	30	0	143
25	0.1	30	0.1	148
25	0.1	31	0	124
25	0.1	31	0.1	15
25	0.1	32	0	9
26	0.1	16	0.1	1
26	0.1	17	0.1	16
26	0.1	18	0.1	43
26	0.1	18	0.2	1
26	0.1	19	0.1	76
26	0.1	19	0.2	5
26	0.1	20	0.1	121
26	0.1	20	0.2	32
26	0.1	21	0.1	165
26	0.1	21	0.2	68
26	0.1	21	0.3	8
26	0.1	22	0	2
26	0.1	22	0.1	280
26	0.1	22	0.2	178
26	0.1	22	0.3	28
26	0.1	23	0	6
26	0.1	23	0.1	443
26	0.1	23	0.2	262
26	0.1	23	0.3	14
26	0.1	23	0.4	3
26	0.1	24	0	15
26	0.1	24	0.1	741
26	0.1	24	0.2	248
26	0.1	24	0.3	9
26	0.1	25	0	34
26	0.1	25	0.1	1208
26	0.1	25	0.2	183
26	0.1	25	0.3	6
26	0.1	26	0	110
26	0.1	26	0.1	1856
26	0.1	26	0.2	174
26	0.1	26	0.3	4
26	0.1	27	0	157
26	0.1	27	0.1	1904
26	0.1	27	0.2	122
26	0.1	27	0.3	2
26	0.1	28	0	241
26	0.1	28	0.1	1398
26	0.1	28	0.2	72
26	0.1	29	0	417
26	0.1	29	0.1	907
26	0.1	29	0.2	17
26	0.1	30	0	469
26	0.1	30	0.1	436
26	0.1	31	0	249
26	0.1	31	0.1	40
26	0.1	32	0	29
27	0.1	14	0.2	3
27	0.1	14	0.3	6
27	0.1	15	0.2	9
27	0.1	15	0.3	4
27	0.1	16	0.2	9
27	0.1	17	0.1	1
27	0.1	17	0.2	4
27	0.1	18	0.1	4
27	0.1	18	0.2	14
27	0.1	18	0.3	2
27	0.1	19	0.1	22
27	0.1	19	0.2	63
27	0.1	19	0.3	2
27	0.1	20	0.1	40
27	0.1	20	0.2	38
27	0.1	21	0.1	61
27	0.1	21	0.2	50
27	0.1	21	0.3	12
27	0.1	22	0	2
27	0.1	22	0.1	145
27	0.1	22	0.2	97
27	0.1	22	0.3	5
27	0.1	23	0	4
27	0.1	23	0.1	290
27	0.1	23	0.2	245
27	0.1	23	0.3	12
27	0.1	23	0.4	2
27	0.1	24	0	3
27	0.1	24	0.1	502
27	0.1	24	0.2	233
27	0.1	24	0.3	18
27	0.1	24	0.4	1
27	0.1	25	0	16
27	0.1	25	0.1	1006
27	0.1	25	0.2	261
27	0.1	25	0.3	9
27	0.1	26	0	31
27	0.1	26	0.1	1679
27	0.1	26	0.2	264
27	0.1	26	0.3	6
27	0.1	27	0	105
27	0.1	27	0.1	2320
27	0.1	27	0.2	117
27	0.1	27	0.3	1
27	0.1	28	0	298
27	0.1	28	0.1	1993
27	0.1	28	0.2	48
27	0.1	29	0	527
27	0.1	29	0.1	1295
27	0.1	29	0.2	4
27	0.1	30	0	385
27	0.1	30	0.1	358
27	0.1	31	0	141
27	0.1	31	0.1	17
27	0.1	32	0	16
28	0	19	0.1	1
28	0	20	0.1	3
28	0	21	0.1	4
28	0	22	0.1	13
28	0	22	0.2	1
28	0	23	0.1	25
28	0	23	0.2	5
28	0	24	0	1
28	0	24	0.1	43
28	0	24	0.2	24
28	0	25	0	2
28	0	25	0.1	96
28	0	25	0.2	33
28	0	26	0	10
28	0	26	0.1	208
28	0	26	0.2	27
28	0	27	0	83
28	0	27	0.1	380
28	0	27	0.2	21
28	0	28	0	468
28	0	28	0.1	605
28	0	28	0.2	25
28	0	29	0	983
28	0	29	0.1	1220
28	0	29	0.2	3
28	0	30	0	620
28	0	30	0.1	459
28	0	31	0	97
28	0	31	0.1	38
28	0	32	0	2
28	0.1	17	0.1	5
28	0.1	18	0.1	23
28	0.1	19	0.1	28
28	0.1	20	0	2
28	0.1	20	0.1	56
28	0.1	20	0.2	5
28	0.1	21	0.1	46
28	0.1	21	0.2	4
28	0.1	22	0	1
28	0.1	22	0.1	81
28	0.1	22	0.2	15
28	0.1	22	0.3	1
28	0.1	23	0	4
28	0.1	23	0.1	193
28	0.1	23	0.2	20
28	0.1	23	0.3	8
28	0.1	24	0	5
28	0.1	24	0.1	320
28	0.1	24	0.2	48
28	0.1	24	0.3	7
28	0.1	25	0	30
28	0.1	25	0.1	640
28	0.1	25	0.2	73
28	0.1	25	0.3	2
28	0.1	26	0	98
28	0.1	26	0.1	1028
28	0.1	26	0.2	102
28	0.1	27	0	194
28	0.1	27	0.1	1613
28	0.1	27	0.2	96
28	0.1	28	0	555
28	0.1	28	0.1	2469
28	0.1	28	0.2	81
28	0.1	29	0	1076
28	0.1	29	0.1	2191
28	0.1	29	0.2	18
28	0.1	30	0	680
28	0.1	30	0.1	711
28	0.1	31	0	179
28	0.1	31	0.1	53
28	0.1	32	0	38
28	0.1	33	0	1
29	0	21	0.2	1
29	0	22	0	1
29	0	22	0.1	12
29	0	22	0.2	3
29	0	23	0.1	32
29	0	23	0.2	10
29	0	24	0	1
29	0	24	0.1	51
29	0	24	0.2	9
29	0	25	0	1
29	0	25	0.1	90
29	0	25	0.2	16
29	0	26	0	6
29	0	26	0.1	117
29	0	26	0.2	12
29	0	27	0	119
29	0	27	0.1	272
29	0	27	0.2	28
29	0	28	0	458
29	0	28	0.1	492
29	0	28	0.2	10
29	0	29	0	596
29	0	29	0.1	791
29	0	29	0.2	4
29	0	30	0	394
29	0	30	0.1	256
29	0	31	0	81
29	0	31	0.1	27
29	0	32	0	9
29	0	33	0	1
29	0.1	21	0.1	3
29	0.1	21	0.2	9
29	0.1	22	0.1	9
29	0.1	22	0.2	6
29	0.1	23	0.1	13
29	0.1	23	0.2	2
29	0.1	24	0.1	26
29	0.1	24	0.2	9
29	0.1	25	0.1	52
29	0.1	25	0.2	15
29	0.1	26	0	1
29	0.1	26	0.1	77
29	0.1	26	0.2	6
29	0.1	27	0	42
29	0.1	27	0.1	178
29	0.1	27	0.2	9
29	0.1	28	0	350
29	0.1	28	0.1	454
29	0.1	28	0.2	3
29	0.1	29	0	560
29	0.1	29	0.1	748
29	0.1	29	0.2	7
29	0.1	30	0	338
29	0.1	30	0.1	392
29	0.1	31	0	64
29	0.1	31	0.1	21
29	0.1	32	0	6
3	0.4	3	0.2	1
3	0.4	3	0.3	10
3	0.4	3	0.4	415
3	0.4	3	0.5	674
3	0.4	3	0.6	4
3	0.4	4	0.3	94
3	0.4	4	0.4	1334
3	0.4	4	0.5	1222
3	0.4	4	0.6	50
3	0.4	5	0.3	10
3	0.4	5	0.4	780
3	0.4	5	0.5	709
3	0.4	5	0.6	19
3	0.4	6	0.3	2
3	0.4	6	0.4	164
3	0.4	6	0.5	263
3	0.4	6	0.6	6
3	0.4	7	0.3	7
3	0.4	7	0.4	66
3	0.4	7	0.5	145
3	0.4	7	0.6	2
3	0.4	8	0.3	9
3	0.4	8	0.4	34
3	0.4	8	0.5	42
3	0.4	8	0.6	2
3	0.4	9	0.4	14
3	0.4	9	0.5	22
3	0.5	2	0.4	5
3	0.5	2	0.5	12
3	0.5	3	0.3	31
3	0.5	3	0.4	1687
3	0.5	3	0.5	4549
3	0.5	3	0.6	16
3	0.5	4	0.3	14
3	0.5	4	0.4	1237
3	0.5	4	0.5	3018
3	0.5	4	0.6	51
3	0.5	5	0.3	2
3	0.5	5	0.4	310
3	0.5	5	0.5	789
3	0.5	5	0.6	4
3	0.5	6	0.3	4
3	0.5	6	0.4	186
3	0.5	6	0.5	408
3	0.5	7	0.3	4
3	0.5	7	0.4	100
3	0.5	7	0.5	216
3	0.5	7	0.6	7
3	0.5	8	0.3	17
3	0.5	8	0.4	23
3	0.5	8	0.5	57
3	0.5	8	0.6	8
3	0.5	9	0.4	1
3	0.5	9	0.5	29
3	0.5	9	0.6	6
3	0.5	10	0.5	4
3	0.5	11	0.5	5
3	0.6	3	0.4	3
3	0.6	3	0.5	546
3	0.6	3	0.6	749
3	0.6	3	0.7	84
3	0.6	4	0.4	5
3	0.6	4	0.5	918
3	0.6	4	0.6	1244
3	0.6	4	0.7	917
3	0.6	5	0.5	51
3	0.6	5	0.6	398
3	0.6	5	0.7	1048
3	0.6	6	0.5	11
3	0.6	6	0.6	183
3	0.6	6	0.7	293
3	0.6	6	0.8	4
3	0.6	7	0.5	18
3	0.6	7	0.6	123
3	0.6	7	0.7	65
3	0.6	7	0.8	25
3	0.6	8	0.5	10
3	0.6	8	0.6	76
3	0.6	8	0.7	16
3	0.6	8	0.8	39
3	0.6	9	0.5	2
3	0.6	9	0.6	70
3	0.6	9	0.7	18
3	0.6	9	0.8	8
3	0.6	10	0.5	1
3	0.6	10	0.6	35
3	0.6	10	0.7	10
3	0.6	10	0.8	1
3	0.6	11	0.6	7
3	0.6	11	0.7	12
3	0.6	12	0.6	6
3	0.6	12	0.7	3
3	0.6	13	0.5	1
3	0.7	3	0.5	119
3	0.7	3	0.6	862
3	0.7	3	0.7	961
3	0.7	3	0.8	6
3	0.7	4	0.5	202
3	0.7	4	0.6	2750
3	0.7	4	0.7	3832
3	0.7	4	0.8	58
3	0.7	5	0.5	11
3	0.7	5	0.6	508
3	0.7	5	0.7	1973
3	0.7	5	0.8	23
3	0.7	6	0.5	20
3	0.7	6	0.6	207
3	0.7	6	0.7	419
3	0.7	6	0.8	10
3	0.7	7	0.5	8
3	0.7	7	0.6	76
3	0.7	7	0.7	179
3	0.7	7	0.8	65
3	0.7	8	0.5	6
3	0.7	8	0.6	22
3	0.7	8	0.7	136
3	0.7	8	0.8	142
3	0.7	9	0.6	20
3	0.7	9	0.7	64
3	0.7	9	0.8	80
3	0.7	10	0.5	2
3	0.7	10	0.6	7
3	0.7	10	0.7	13
3	0.7	10	0.8	10
3	0.7	11	0.6	1
3	0.7	11	0.7	5
3	0.7	11	0.8	2
3	0.7	12	0.7	1
4	0.2	3	0.1	25
4	0.2	3	0.2	166
4	0.2	3	0.3	116
4	0.2	4	0.1	150
4	0.2	4	0.2	5022
4	0.2	4	0.3	822
4	0.2	4	0.4	58
4	0.2	5	0.1	262
4	0.2	5	0.2	4259
4	0.2	5	0.3	455
4	0.2	5	0.4	15
4	0.2	6	0.1	101
4	0.2	6	0.2	1111
4	0.2	6	0.3	84
4	0.2	7	0.1	2
4	0.2	7	0.2	146
4	0.2	7	0.3	5
4	0.2	8	0.2	1
4	0.3	3	0.2	113
4	0.3	3	0.3	213
4	0.3	3	0.4	6
4	0.3	4	0.1	3
4	0.3	4	0.2	3618
4	0.3	4	0.3	4728
4	0.3	4	0.4	140
4	0.3	5	0.2	1515
4	0.3	5	0.3	1737
4	0.3	5	0.4	45
4	0.3	6	0.2	313
4	0.3	6	0.3	303
4	0.3	6	0.4	6
4	0.3	7	0.2	20
4	0.3	7	0.3	36
4	0.3	8	0.3	4
4	0.4	3	0.3	45
4	0.4	3	0.4	280
4	0.4	3	0.5	165
4	0.4	4	0.3	485
4	0.4	4	0.4	4211
4	0.4	4	0.5	634
4	0.4	5	0.3	423
4	0.4	5	0.4	3364
4	0.4	5	0.5	683
4	0.4	6	0.3	96
4	0.4	6	0.4	1036
4	0.4	6	0.5	292
4	0.4	7	0.3	15
4	0.4	7	0.4	435
4	0.4	7	0.5	88
4	0.4	7	0.6	1
4	0.4	8	0.3	5
4	0.4	8	0.4	271
4	0.4	8	0.5	49
4	0.4	9	0.3	2
4	0.4	9	0.4	108
4	0.4	9	0.5	25
4	0.4	10	0.3	2
4	0.4	10	0.4	35
4	0.4	11	0.3	3
4	0.4	11	0.4	40
4	0.4	12	0.4	7
4	0.5	2	0.4	1
4	0.5	2	0.5	1
4	0.5	3	0.3	26
4	0.5	3	0.4	578
4	0.5	3	0.5	1004
4	0.5	3	0.6	4
4	0.5	4	0.3	23
4	0.5	4	0.4	1424
4	0.5	4	0.5	1459
4	0.5	4	0.6	14
4	0.5	5	0.3	15
4	0.5	5	0.4	861
4	0.5	5	0.5	671
4	0.5	5	0.6	6
4	0.5	6	0.3	3
4	0.5	6	0.4	131
4	0.5	6	0.5	164
4	0.5	7	0.3	5
4	0.5	7	0.4	40
4	0.5	7	0.5	50
4	0.5	7	0.6	3
4	0.5	8	0.3	5
4	0.5	8	0.4	50
4	0.5	8	0.5	31
4	0.5	8	0.6	3
4	0.5	9	0.4	26
4	0.5	9	0.5	51
4	0.5	9	0.6	13
4	0.5	10	0.4	4
4	0.5	10	0.5	25
4	0.5	10	0.6	8
4	0.5	11	0.5	1
4	0.6	3	0.5	272
4	0.6	3	0.6	461
4	0.6	3	0.7	76
4	0.6	4	0.4	1
4	0.6	4	0.5	2310
4	0.6	4	0.6	3224
4	0.6	4	0.7	350
4	0.6	5	0.4	4
4	0.6	5	0.5	1911
4	0.6	5	0.6	2230
4	0.6	5	0.7	276
4	0.6	6	0.5	75
4	0.6	6	0.6	419
4	0.6	6	0.7	128
4	0.6	6	0.8	3
4	0.6	7	0.5	59
4	0.6	7	0.6	234
4	0.6	7	0.7	71
4	0.6	7	0.8	9
4	0.6	8	0.5	24
4	0.6	8	0.6	114
4	0.6	8	0.7	30
4	0.6	8	0.8	32
4	0.6	9	0.5	50
4	0.6	9	0.6	64
4	0.6	9	0.7	35
4	0.6	9	0.8	18
4	0.6	10	0.5	37
4	0.6	10	0.6	45
4	0.6	10	0.7	34
4	0.6	10	0.8	4
4	0.6	11	0.5	21
4	0.6	11	0.6	20
4	0.6	11	0.7	12
4	0.6	12	0.5	5
4	0.6	12	0.6	13
4	0.6	12	0.7	17
4	0.6	13	0.6	7
4	0.6	13	0.7	19
4	0.6	14	0.6	1
4	0.6	14	0.7	23
4	0.6	14	0.8	4
4	0.6	15	0.6	3
4	0.6	15	0.7	18
4	0.6	15	0.8	23
4	0.6	16	0.7	7
4	0.6	16	0.8	4
4	0.6	17	0.7	3
4	0.7	3	0.4	1
4	0.7	3	0.5	476
4	0.7	3	0.6	621
4	0.7	3	0.7	53
4	0.7	4	0.4	8
4	0.7	4	0.5	717
4	0.7	4	0.6	890
4	0.7	4	0.7	873
4	0.7	5	0.5	9
4	0.7	5	0.6	254
4	0.7	5	0.7	924
4	0.7	6	0.5	9
4	0.7	6	0.6	151
4	0.7	6	0.7	225
4	0.7	6	0.8	4
4	0.7	7	0.5	11
4	0.7	7	0.6	53
4	0.7	7	0.7	59
4	0.7	7	0.8	48
4	0.7	8	0.5	3
4	0.7	8	0.6	35
4	0.7	8	0.7	48
4	0.7	8	0.8	88
4	0.7	9	0.5	1
4	0.7	9	0.6	17
4	0.7	9	0.7	27
4	0.7	9	0.8	40
4	0.7	10	0.6	19
4	0.7	10	0.7	31
4	0.7	10	0.8	2
4	0.7	11	0.6	5
4	0.7	11	0.7	24
4	0.7	12	0.6	7
4	0.7	12	0.7	9
4	0.7	13	0.5	1
4	0.7	13	0.7	4
4	0.7	14	0.6	2
4	0.7	14	0.7	4
4	0.7	14	0.8	5
4	0.7	15	0.6	4
4	0.7	15	0.7	16
4	0.7	15	0.8	2
4	0.7	16	0.7	17
4	0.7	16	0.8	2
4	0.7	17	0.6	1
5	0.2	2	0.2	1
5	0.2	3	0.1	65
5	0.2	3	0.2	250
5	0.2	3	0.3	75
5	0.2	3	0.4	20
5	0.2	4	0.1	118
5	0.2	4	0.2	1826
5	0.2	4	0.3	336
5	0.2	4	0.4	3
5	0.2	5	0.1	506
5	0.2	5	0.2	4527
5	0.2	5	0.3	460
5	0.2	5	0.4	1
5	0.2	6	0.1	399
5	0.2	6	0.2	2333
5	0.2	6	0.3	431
5	0.2	6	0.4	1
5	0.2	7	0.1	11
5	0.2	7	0.2	719
5	0.2	7	0.3	224
5	0.2	7	0.4	1
5	0.2	8	0.2	330
5	0.2	8	0.3	88
5	0.2	9	0.2	37
5	0.2	9	0.3	26
5	0.2	10	0.2	1
5	0.2	10	0.3	8
5	0.2	11	0.3	3
5	0.3	3	0.2	66
5	0.3	3	0.3	151
5	0.3	3	0.4	6
5	0.3	4	0.2	2269
5	0.3	4	0.3	4612
5	0.3	4	0.4	482
5	0.3	4	0.5	1
5	0.3	5	0.1	1
5	0.3	5	0.2	1199
5	0.3	5	0.3	2574
5	0.3	5	0.4	236
5	0.3	6	0.2	365
5	0.3	6	0.3	473
5	0.3	6	0.4	31
5	0.3	7	0.2	101
5	0.3	7	0.3	123
5	0.3	7	0.4	32
5	0.3	8	0.2	12
5	0.3	8	0.3	7
5	0.3	8	0.4	20
5	0.3	9	0.4	9
5	0.3	10	0.4	10
5	0.3	11	0.4	10
5	0.3	12	0.4	10
5	0.4	3	0.3	16
5	0.4	3	0.4	103
5	0.4	3	0.5	45
5	0.4	4	0.3	201
5	0.4	4	0.4	1730
5	0.4	4	0.5	350
5	0.4	5	0.3	347
5	0.4	5	0.4	2975
5	0.4	5	0.5	275
5	0.4	5	0.6	1
5	0.4	6	0.3	271
5	0.4	6	0.4	3131
5	0.4	6	0.5	306
5	0.4	7	0.3	140
5	0.4	7	0.4	1733
5	0.4	7	0.5	201
5	0.4	8	0.3	32
5	0.4	8	0.4	608
5	0.4	8	0.5	68
5	0.4	9	0.3	9
5	0.4	9	0.4	190
5	0.4	9	0.5	35
5	0.4	10	0.3	4
5	0.4	10	0.4	26
5	0.4	10	0.5	2
5	0.4	11	0.4	1
5	0.5	2	0.5	10
5	0.5	3	0.4	840
5	0.5	3	0.5	2281
5	0.5	3	0.6	2
5	0.5	4	0.3	1
5	0.5	4	0.4	1427
5	0.5	4	0.5	3504
5	0.5	5	0.3	4
5	0.5	5	0.4	894
5	0.5	5	0.5	1839
5	0.5	6	0.3	4
5	0.5	6	0.4	351
5	0.5	6	0.5	611
5	0.5	6	0.6	1
5	0.5	7	0.3	35
5	0.5	7	0.4	260
5	0.5	7	0.5	329
5	0.5	7	0.6	8
5	0.5	8	0.3	19
5	0.5	8	0.4	136
5	0.5	8	0.5	165
5	0.5	8	0.6	7
5	0.5	9	0.3	3
5	0.5	9	0.4	11
5	0.5	9	0.5	47
5	0.5	9	0.6	5
5	0.5	10	0.5	6
5	0.6	3	0.5	52
5	0.6	3	0.6	63
5	0.6	3	0.7	1
5	0.6	4	0.4	2
5	0.6	4	0.5	551
5	0.6	4	0.6	545
5	0.6	4	0.7	22
5	0.6	5	0.4	1
5	0.6	5	0.5	418
5	0.6	5	0.6	822
5	0.6	5	0.7	33
5	0.6	6	0.5	42
5	0.6	6	0.6	441
5	0.6	6	0.7	37
5	0.6	7	0.5	61
5	0.6	7	0.6	294
5	0.6	7	0.7	35
5	0.6	7	0.8	8
5	0.6	8	0.5	58
5	0.6	8	0.6	265
5	0.6	8	0.7	29
5	0.6	8	0.8	16
5	0.6	9	0.4	1
5	0.6	9	0.5	73
5	0.6	9	0.6	301
5	0.6	9	0.7	29
5	0.6	9	0.8	17
5	0.6	10	0.4	1
5	0.6	10	0.5	115
5	0.6	10	0.6	253
5	0.6	10	0.7	39
5	0.6	10	0.8	8
5	0.6	11	0.4	1
5	0.6	11	0.5	125
5	0.6	11	0.6	271
5	0.6	11	0.7	58
5	0.6	12	0.4	1
5	0.6	12	0.5	81
5	0.6	12	0.6	230
5	0.6	12	0.7	47
5	0.6	13	0.5	21
5	0.6	13	0.6	112
5	0.6	13	0.7	47
5	0.6	13	0.8	1
5	0.6	14	0.5	7
5	0.6	14	0.6	46
5	0.6	14	0.7	37
5	0.6	14	0.8	36
5	0.6	14	0.9	2
5	0.6	15	0.5	3
5	0.6	15	0.6	66
5	0.6	15	0.7	57
5	0.6	15	0.8	175
5	0.6	16	0.5	5
5	0.6	16	0.6	37
5	0.6	16	0.7	37
5	0.6	16	0.8	35
5	0.6	17	0.5	5
5	0.6	17	0.6	12
5	0.6	17	0.7	7
5	0.6	17	0.8	1
5	0.6	18	0.5	1
5	0.6	18	0.6	1
5	0.6	18	0.7	2
5	0.7	4	0.7	2
5	0.7	5	0.6	21
5	0.7	5	0.7	384
5	0.7	5	0.8	7
5	0.7	6	0.6	50
5	0.7	6	0.7	1390
5	0.7	6	0.8	56
5	0.7	7	0.5	3
5	0.7	7	0.6	81
5	0.7	7	0.7	1426
5	0.7	7	0.8	27
5	0.7	8	0.6	57
5	0.7	8	0.7	1134
5	0.7	8	0.8	24
5	0.7	9	0.6	32
5	0.7	9	0.7	636
5	0.7	9	0.8	11
5	0.7	10	0.6	31
5	0.7	10	0.7	277
5	0.7	10	0.8	3
5	0.7	11	0.6	18
5	0.7	11	0.7	188
5	0.7	12	0.6	13
5	0.7	12	0.7	90
5	0.7	13	0.6	6
5	0.7	13	0.7	11
5	0.7	14	0.6	3
5	0.7	14	0.7	4
5	0.7	15	0.6	2
5	0.7	15	0.7	13
6	0.2	3	0.1	16
6	0.2	3	0.2	157
6	0.2	3	0.3	8
6	0.2	4	0.1	46
6	0.2	4	0.2	915
6	0.2	4	0.3	55
6	0.2	5	0.1	169
6	0.2	5	0.2	1903
6	0.2	5	0.3	84
6	0.2	5	0.4	2
6	0.2	6	0.1	404
6	0.2	6	0.2	3115
6	0.2	6	0.3	251
6	0.2	7	0.1	295
6	0.2	7	0.2	2522
6	0.2	7	0.3	254
6	0.2	7	0.4	1
6	0.2	8	0.1	139
6	0.2	8	0.2	1410
6	0.2	8	0.3	150
6	0.2	8	0.4	1
6	0.2	9	0.1	83
6	0.2	9	0.2	468
6	0.2	9	0.3	57
6	0.2	10	0.1	15
6	0.2	10	0.2	93
6	0.2	10	0.3	16
6	0.2	11	0.1	37
6	0.2	11	0.2	39
6	0.2	11	0.3	5
6	0.2	12	0.1	16
6	0.2	12	0.2	17
6	0.2	13	0.1	15
6	0.2	13	0.2	3
6	0.2	14	0.1	32
6	0.2	14	0.2	1
6	0.2	15	0.1	5
6	0.2	15	0.2	1
6	0.3	3	0.2	85
6	0.3	3	0.3	216
6	0.3	3	0.4	34
6	0.3	3	0.5	3
6	0.3	4	0.2	1475
6	0.3	4	0.3	2387
6	0.3	4	0.4	515
6	0.3	4	0.5	26
6	0.3	5	0.2	1317
6	0.3	5	0.3	2888
6	0.3	5	0.4	171
6	0.3	5	0.5	3
6	0.3	6	0.2	520
6	0.3	6	0.3	2439
6	0.3	6	0.4	246
6	0.3	7	0.2	86
6	0.3	7	0.3	321
6	0.3	7	0.4	16
6	0.3	8	0.2	24
6	0.3	8	0.3	19
6	0.3	9	0.2	7
6	0.3	9	0.3	2
6	0.4	2	0.4	1
6	0.4	2	0.5	2
6	0.4	3	0.3	10
6	0.4	3	0.4	107
6	0.4	3	0.5	294
6	0.4	3	0.6	3
6	0.4	4	0.3	97
6	0.4	4	0.4	875
6	0.4	4	0.5	236
6	0.4	4	0.6	3
6	0.4	5	0.3	92
6	0.4	5	0.4	1113
6	0.4	5	0.5	163
6	0.4	5	0.6	2
6	0.4	6	0.3	139
6	0.4	6	0.4	2416
6	0.4	6	0.5	324
6	0.4	6	0.6	15
6	0.4	7	0.3	361
6	0.4	7	0.4	3211
6	0.4	7	0.5	393
6	0.4	7	0.6	14
6	0.4	8	0.3	297
6	0.4	8	0.4	1555
6	0.4	8	0.5	199
6	0.4	8	0.6	15
6	0.4	9	0.3	57
6	0.4	9	0.4	406
6	0.4	9	0.5	145
6	0.4	9	0.6	3
6	0.4	10	0.3	10
6	0.4	10	0.4	92
6	0.4	10	0.5	54
6	0.4	11	0.3	3
6	0.4	11	0.4	42
6	0.4	11	0.5	31
6	0.4	12	0.4	10
6	0.4	12	0.5	6
6	0.4	13	0.4	3
6	0.4	13	0.5	1
6	0.5	2	0.5	2
6	0.5	3	0.3	2
6	0.5	3	0.4	360
6	0.5	3	0.5	1475
6	0.5	3	0.6	21
6	0.5	4	0.3	3
6	0.5	4	0.4	877
6	0.5	4	0.5	2265
6	0.5	4	0.6	176
6	0.5	5	0.3	1
6	0.5	5	0.4	833
6	0.5	5	0.5	1743
6	0.5	5	0.6	86
6	0.5	6	0.3	20
6	0.5	6	0.4	555
6	0.5	6	0.5	1989
6	0.5	6	0.6	50
6	0.5	7	0.3	22
6	0.5	7	0.4	417
6	0.5	7	0.5	1051
6	0.5	7	0.6	81
6	0.5	8	0.3	28
6	0.5	8	0.4	148
6	0.5	8	0.5	376
6	0.5	8	0.6	46
6	0.5	9	0.3	10
6	0.5	9	0.4	39
6	0.5	9	0.5	97
6	0.5	9	0.6	11
6	0.5	10	0.4	3
6	0.5	10	0.5	13
6	0.6	3	0.4	4
6	0.6	3	0.5	88
6	0.6	3	0.6	14
6	0.6	4	0.4	2
6	0.6	4	0.5	182
6	0.6	4	0.6	212
6	0.6	5	0.5	39
6	0.6	5	0.6	418
6	0.6	5	0.7	28
6	0.6	6	0.5	105
6	0.6	6	0.6	1264
6	0.6	6	0.7	342
6	0.6	7	0.4	2
6	0.6	7	0.5	323
6	0.6	7	0.6	806
6	0.6	7	0.7	653
6	0.6	7	0.8	1
6	0.6	8	0.4	6
6	0.6	8	0.5	248
6	0.6	8	0.6	583
6	0.6	8	0.7	245
6	0.6	8	0.8	2
6	0.6	9	0.3	8
6	0.6	9	0.4	11
6	0.6	9	0.5	116
6	0.6	9	0.6	277
6	0.6	9	0.7	58
6	0.6	10	0.3	1
6	0.6	10	0.4	2
6	0.6	10	0.5	62
6	0.6	10	0.6	72
6	0.6	10	0.7	39
6	0.6	10	0.8	3
6	0.6	11	0.5	13
6	0.6	11	0.6	3
6	0.6	11	0.7	30
6	0.6	12	0.6	4
6	0.6	12	0.7	23
6	0.6	12	0.8	1
6	0.6	13	0.6	1
6	0.6	13	0.7	8
6	0.6	13	0.8	1
6	0.7	3	0.5	6
6	0.7	3	0.6	54
6	0.7	3	0.7	3
6	0.7	4	0.5	85
6	0.7	4	0.6	272
6	0.7	4	0.7	14
6	0.7	5	0.5	14
6	0.7	5	0.6	274
6	0.7	5	0.7	248
6	0.7	5	0.8	2
6	0.7	6	0.5	5
6	0.7	6	0.6	1025
6	0.7	6	0.7	2088
6	0.7	6	0.8	10
6	0.7	7	0.5	1
6	0.7	7	0.6	1037
6	0.7	7	0.7	4768
6	0.7	7	0.8	9
6	0.7	8	0.5	1
6	0.7	8	0.6	348
6	0.7	8	0.7	1892
6	0.7	8	0.8	7
6	0.7	9	0.6	90
6	0.7	9	0.7	401
6	0.7	9	0.8	3
6	0.7	10	0.6	22
6	0.7	10	0.7	104
6	0.7	10	0.8	1
6	0.7	11	0.6	4
6	0.7	11	0.7	10
6	0.7	12	0.7	2
7	0.2	3	0.2	14
7	0.2	3	0.3	37
7	0.2	3	0.4	18
7	0.2	4	0.2	24
7	0.2	4	0.3	47
7	0.2	4	0.4	1
7	0.2	5	0.1	22
7	0.2	5	0.2	228
7	0.2	5	0.3	114
7	0.2	6	0.1	138
7	0.2	6	0.2	1210
7	0.2	6	0.3	277
7	0.2	7	0.1	132
7	0.2	7	0.2	4664
7	0.2	7	0.3	508
7	0.2	8	0.1	208
7	0.2	8	0.2	3255
7	0.2	8	0.3	310
7	0.2	9	0.1	187
7	0.2	9	0.2	822
7	0.2	9	0.3	60
7	0.2	10	0.1	61
7	0.2	10	0.2	198
7	0.2	10	0.3	24
7	0.2	11	0.1	39
7	0.2	11	0.2	133
7	0.2	11	0.3	1
7	0.2	12	0.1	12
7	0.2	12	0.2	42
7	0.2	13	0.1	1
7	0.2	13	0.2	11
7	0.2	14	0.2	2
7	0.3	3	0.2	3
7	0.3	3	0.3	5
7	0.3	3	0.4	7
7	0.3	4	0.2	379
7	0.3	4	0.3	761
7	0.3	4	0.4	25
7	0.3	5	0.2	359
7	0.3	5	0.3	2108
7	0.3	5	0.4	22
7	0.3	5	0.5	6
7	0.3	6	0.2	399
7	0.3	6	0.3	4421
7	0.3	6	0.4	121
7	0.3	6	0.5	11
7	0.3	7	0.2	411
7	0.3	7	0.3	2713
7	0.3	7	0.4	256
7	0.3	7	0.5	33
7	0.3	8	0.2	59
7	0.3	8	0.3	459
7	0.3	8	0.4	54
7	0.3	8	0.5	13
7	0.3	9	0.2	4
7	0.3	9	0.3	66
7	0.3	9	0.4	42
7	0.3	9	0.5	6
7	0.3	10	0.3	6
7	0.3	10	0.4	17
7	0.3	10	0.5	5
7	0.3	11	0.3	5
7	0.3	11	0.4	17
7	0.3	11	0.5	2
7	0.3	12	0.3	2
7	0.3	12	0.4	3
7	0.4	3	0.4	2
7	0.4	4	0.3	3
7	0.4	4	0.4	80
7	0.4	4	0.5	6
7	0.4	5	0.3	5
7	0.4	5	0.4	107
7	0.4	5	0.5	14
7	0.4	6	0.3	30
7	0.4	6	0.4	372
7	0.4	6	0.5	22
7	0.4	6	0.6	2
7	0.4	7	0.2	1
7	0.4	7	0.3	702
7	0.4	7	0.4	4046
7	0.4	7	0.5	112
7	0.4	7	0.6	39
7	0.4	7	0.7	4
7	0.4	8	0.2	6
7	0.4	8	0.3	954
7	0.4	8	0.4	3254
7	0.4	8	0.5	375
7	0.4	8	0.6	87
7	0.4	9	0.2	18
7	0.4	9	0.3	323
7	0.4	9	0.4	999
7	0.4	9	0.5	175
7	0.4	9	0.6	78
7	0.4	9	0.7	3
7	0.4	10	0.2	11
7	0.4	10	0.3	244
7	0.4	10	0.4	317
7	0.4	10	0.5	37
7	0.4	10	0.6	47
7	0.4	10	0.7	2
7	0.4	11	0.3	108
7	0.4	11	0.4	68
7	0.4	11	0.5	31
7	0.4	11	0.6	30
7	0.4	12	0.3	5
7	0.4	12	0.4	37
7	0.4	12	0.5	5
7	0.4	12	0.6	11
7	0.4	12	0.7	2
7	0.4	13	0.3	2
7	0.4	13	0.4	13
7	0.4	13	0.5	7
7	0.4	13	0.6	4
7	0.5	2	0.5	1
7	0.5	3	0.4	49
7	0.5	3	0.5	718
7	0.5	3	0.6	10
7	0.5	4	0.3	4
7	0.5	4	0.4	183
7	0.5	4	0.5	924
7	0.5	4	0.6	54
7	0.5	5	0.3	1
7	0.5	5	0.4	163
7	0.5	5	0.5	655
7	0.5	5	0.6	28
7	0.5	6	0.3	36
7	0.5	6	0.4	377
7	0.5	6	0.5	1765
7	0.5	6	0.6	86
7	0.5	6	0.7	1
7	0.5	7	0.3	41
7	0.5	7	0.4	563
7	0.5	7	0.5	3353
7	0.5	7	0.6	257
7	0.5	8	0.3	29
7	0.5	8	0.4	169
7	0.5	8	0.5	1884
7	0.5	8	0.6	199
7	0.5	8	0.7	1
7	0.5	9	0.3	29
7	0.5	9	0.4	100
7	0.5	9	0.5	707
7	0.5	9	0.6	141
7	0.5	10	0.3	1
7	0.5	10	0.4	16
7	0.5	10	0.5	183
7	0.5	10	0.6	32
7	0.5	11	0.5	23
7	0.5	11	0.6	8
7	0.5	12	0.5	8
7	0.5	12	0.6	1
7	0.6	3	0.4	2
7	0.6	3	0.5	75
7	0.6	3	0.6	47
7	0.6	4	0.5	196
7	0.6	4	0.6	210
7	0.6	5	0.5	99
7	0.6	5	0.6	473
7	0.6	5	0.7	25
7	0.6	6	0.5	211
7	0.6	6	0.6	1226
7	0.6	6	0.7	343
7	0.6	7	0.4	3
7	0.6	7	0.5	394
7	0.6	7	0.6	772
7	0.6	7	0.7	687
7	0.6	8	0.4	2
7	0.6	8	0.5	352
7	0.6	8	0.6	527
7	0.6	8	0.7	202
7	0.6	9	0.4	7
7	0.6	9	0.5	128
7	0.6	9	0.6	189
7	0.6	9	0.7	58
7	0.6	10	0.5	18
7	0.6	10	0.6	64
7	0.6	10	0.7	56
7	0.6	11	0.5	3
7	0.6	11	0.6	41
7	0.6	11	0.7	30
7	0.6	11	0.8	1
7	0.6	12	0.5	2
7	0.6	12	0.6	30
7	0.6	12	0.7	20
7	0.6	12	0.8	1
7	0.6	13	0.6	1
7	0.6	13	0.7	5
7	0.7	3	0.5	26
7	0.7	3	0.6	28
7	0.7	3	0.7	7
7	0.7	4	0.5	73
7	0.7	4	0.6	185
7	0.7	4	0.7	33
7	0.7	5	0.5	6
7	0.7	5	0.6	222
7	0.7	5	0.7	133
7	0.7	5	0.8	1
7	0.7	6	0.5	3
7	0.7	6	0.6	758
7	0.7	6	0.7	1354
7	0.7	6	0.8	6
7	0.7	7	0.5	16
7	0.7	7	0.6	1087
7	0.7	7	0.7	5195
7	0.7	7	0.8	26
7	0.7	8	0.5	12
7	0.7	8	0.6	433
7	0.7	8	0.7	2146
7	0.7	8	0.8	26
7	0.7	9	0.5	8
7	0.7	9	0.6	92
7	0.7	9	0.7	551
7	0.7	9	0.8	12
7	0.7	10	0.6	16
7	0.7	10	0.7	172
7	0.7	10	0.8	5
7	0.7	11	0.6	7
7	0.7	11	0.7	65
7	0.7	11	0.8	2
7	0.7	12	0.6	15
7	0.7	12	0.7	37
7	0.7	12	0.8	2
7	0.7	13	0.6	11
7	0.7	13	0.7	23
7	0.7	14	0.6	3
7	0.7	14	0.7	3
8	0.2	4	0.1	1
8	0.2	4	0.2	44
8	0.2	4	0.3	20
8	0.2	5	0.1	18
8	0.2	5	0.2	320
8	0.2	5	0.3	120
8	0.2	5	0.4	7
8	0.2	6	0.1	10
8	0.2	6	0.2	496
8	0.2	6	0.3	152
8	0.2	6	0.4	14
8	0.2	7	0.1	26
8	0.2	7	0.2	1552
8	0.2	7	0.3	319
8	0.2	7	0.4	47
8	0.2	8	0.1	87
8	0.2	8	0.2	3484
8	0.2	8	0.3	376
8	0.2	8	0.4	102
8	0.2	9	0.1	108
8	0.2	9	0.2	2084
8	0.2	9	0.3	221
8	0.2	9	0.4	47
8	0.2	10	0.1	156
8	0.2	10	0.2	1202
8	0.2	10	0.3	122
8	0.2	10	0.4	13
8	0.2	11	0.1	161
8	0.2	11	0.2	769
8	0.2	11	0.3	52
8	0.2	11	0.4	1
8	0.2	12	0.1	70
8	0.2	12	0.2	290
8	0.2	12	0.3	28
8	0.2	12	0.4	4
8	0.2	13	0.1	22
8	0.2	13	0.2	134
8	0.2	13	0.3	22
8	0.2	14	0.1	7
8	0.2	14	0.2	46
8	0.2	14	0.3	8
8	0.2	15	0.1	8
8	0.2	15	0.2	19
8	0.2	16	0.2	7
8	0.2	17	0.2	4
8	0.3	4	0.2	5
8	0.3	4	0.3	25
8	0.3	5	0.2	8
8	0.3	5	0.3	458
8	0.3	5	0.4	2
8	0.3	6	0.2	384
8	0.3	6	0.3	2266
8	0.3	6	0.4	9
8	0.3	7	0.2	1213
8	0.3	7	0.3	3521
8	0.3	7	0.4	50
8	0.3	8	0.2	485
8	0.3	8	0.3	3017
8	0.3	8	0.4	82
8	0.3	9	0.2	98
8	0.3	9	0.3	749
8	0.3	9	0.4	46
8	0.3	10	0.2	14
8	0.3	10	0.3	191
8	0.3	10	0.4	22
8	0.3	11	0.2	4
8	0.3	11	0.3	66
8	0.3	11	0.4	1
8	0.3	12	0.2	8
8	0.3	12	0.3	67
8	0.3	13	0.2	1
8	0.3	13	0.3	8
8	0.4	3	0.3	6
8	0.4	3	0.4	7
8	0.4	3	0.5	1
8	0.4	4	0.2	1
8	0.4	4	0.3	32
8	0.4	4	0.4	39
8	0.4	4	0.5	15
8	0.4	5	0.3	20
8	0.4	5	0.4	130
8	0.4	5	0.5	23
8	0.4	6	0.3	36
8	0.4	6	0.4	331
8	0.4	6	0.5	24
8	0.4	7	0.3	276
8	0.4	7	0.4	1487
8	0.4	7	0.5	124
8	0.4	8	0.3	812
8	0.4	8	0.4	3561
8	0.4	8	0.5	676
8	0.4	8	0.6	13
8	0.4	9	0.2	1
8	0.4	9	0.3	338
8	0.4	9	0.4	2294
8	0.4	9	0.5	696
8	0.4	9	0.6	2
8	0.4	10	0.3	64
8	0.4	10	0.4	768
8	0.4	10	0.5	508
8	0.4	11	0.3	18
8	0.4	11	0.4	213
8	0.4	11	0.5	139
8	0.4	11	0.6	1
8	0.4	12	0.3	8
8	0.4	12	0.4	76
8	0.4	12	0.5	30
8	0.4	13	0.3	2
8	0.4	13	0.4	15
8	0.4	13	0.5	6
8	0.4	14	0.4	6
8	0.4	14	0.5	1
8	0.5	3	0.4	8
8	0.5	3	0.5	182
8	0.5	3	0.6	3
8	0.5	4	0.4	21
8	0.5	4	0.5	247
8	0.5	4	0.6	60
8	0.5	5	0.4	8
8	0.5	5	0.5	186
8	0.5	5	0.6	113
8	0.5	5	0.7	2
8	0.5	6	0.3	1
8	0.5	6	0.4	9
8	0.5	6	0.5	765
8	0.5	6	0.6	312
8	0.5	6	0.7	27
8	0.5	7	0.3	6
8	0.5	7	0.4	49
8	0.5	7	0.5	3730
8	0.5	7	0.6	501
8	0.5	7	0.7	31
8	0.5	8	0.3	1
8	0.5	8	0.4	38
8	0.5	8	0.5	3676
8	0.5	8	0.6	515
8	0.5	8	0.7	7
8	0.5	9	0.4	23
8	0.5	9	0.5	1393
8	0.5	9	0.6	222
8	0.5	10	0.4	6
8	0.5	10	0.5	386
8	0.5	10	0.6	100
8	0.5	11	0.4	2
8	0.5	11	0.5	131
8	0.5	11	0.6	14
8	0.5	12	0.5	21
8	0.5	13	0.5	4
8	0.6	3	0.4	17
8	0.6	3	0.5	354
8	0.6	3	0.6	50
8	0.6	4	0.4	18
8	0.6	4	0.5	335
8	0.6	4	0.6	89
8	0.6	5	0.4	9
8	0.6	5	0.5	174
8	0.6	5	0.6	149
8	0.6	5	0.7	28
8	0.6	6	0.4	12
8	0.6	6	0.5	389
8	0.6	6	0.6	729
8	0.6	6	0.7	194
8	0.6	6	0.8	3
8	0.6	7	0.4	56
8	0.6	7	0.5	1671
8	0.6	7	0.6	1022
8	0.6	7	0.7	601
8	0.6	7	0.8	1
8	0.6	8	0.4	48
8	0.6	8	0.5	1990
8	0.6	8	0.6	1714
8	0.6	8	0.7	294
8	0.6	9	0.4	24
8	0.6	9	0.5	1170
8	0.6	9	0.6	591
8	0.6	9	0.7	114
8	0.6	9	0.8	1
8	0.6	10	0.4	16
8	0.6	10	0.5	519
8	0.6	10	0.6	141
8	0.6	10	0.7	46
8	0.6	11	0.4	7
8	0.6	11	0.5	111
8	0.6	11	0.6	44
8	0.6	11	0.7	32
8	0.6	12	0.5	16
8	0.6	12	0.6	10
8	0.6	12	0.7	9
8	0.6	13	0.6	2
8	0.7	3	0.5	5
8	0.7	3	0.6	29
8	0.7	3	0.7	2
8	0.7	4	0.5	75
8	0.7	4	0.6	228
8	0.7	4	0.7	7
8	0.7	5	0.5	27
8	0.7	5	0.6	213
8	0.7	5	0.7	109
8	0.7	5	0.8	3
8	0.7	6	0.5	6
8	0.7	6	0.6	561
8	0.7	6	0.7	1097
8	0.7	6	0.8	12
8	0.7	7	0.5	8
8	0.7	7	0.6	1129
8	0.7	7	0.7	4956
8	0.7	7	0.8	8
8	0.7	8	0.5	1
8	0.7	8	0.6	510
8	0.7	8	0.7	2708
8	0.7	8	0.8	6
8	0.7	9	0.6	136
8	0.7	9	0.7	621
8	0.7	9	0.8	5
8	0.7	10	0.6	36
8	0.7	10	0.7	162
8	0.7	11	0.6	16
8	0.7	11	0.7	54
8	0.7	12	0.6	5
8	0.7	12	0.7	26
8	0.7	13	0.6	6
8	0.7	13	0.7	22
8	0.7	14	0.6	2
8	0.7	14	0.7	9
8	0.8	4	0.7	1
8	0.8	5	0.7	26
8	0.8	5	0.8	1
8	0.8	6	0.7	41
8	0.8	6	0.8	44
8	0.8	7	0.7	453
8	0.8	7	0.8	2311
8	0.8	8	0.7	907
8	0.8	8	0.8	5019
8	0.8	9	0.7	565
8	0.8	9	0.8	2575
8	0.8	10	0.7	195
8	0.8	10	0.8	565
8	0.8	11	0.6	1
8	0.8	11	0.7	34
8	0.8	11	0.8	50
8	0.8	12	0.7	7
8	0.8	12	0.8	4
8	0.8	13	0.8	1
9	0.2	3	0.2	4
9	0.2	3	0.3	30
9	0.2	3	0.4	22
9	0.2	3	0.5	13
9	0.2	4	0.2	85
9	0.2	4	0.3	49
9	0.2	4	0.4	32
9	0.2	4	0.5	11
9	0.2	5	0.1	1
9	0.2	5	0.2	373
9	0.2	5	0.3	163
9	0.2	5	0.4	22
9	0.2	5	0.5	3
9	0.2	5	0.6	1
9	0.2	6	0.1	29
9	0.2	6	0.2	378
9	0.2	6	0.3	89
9	0.2	6	0.4	17
9	0.2	6	0.5	13
9	0.2	6	0.6	16
9	0.2	7	0.1	44
9	0.2	7	0.2	929
9	0.2	7	0.3	159
9	0.2	7	0.4	26
9	0.2	7	0.5	3
9	0.2	7	0.6	5
9	0.2	8	0.1	86
9	0.2	8	0.2	1699
9	0.2	8	0.3	268
9	0.2	8	0.4	64
9	0.2	8	0.5	9
9	0.2	8	0.6	3
9	0.2	9	0.1	177
9	0.2	9	0.2	2261
9	0.2	9	0.3	275
9	0.2	9	0.4	174
9	0.2	9	0.6	5
9	0.2	10	0.1	225
9	0.2	10	0.2	1932
9	0.2	10	0.3	327
9	0.2	10	0.4	112
9	0.2	10	0.5	1
9	0.2	10	0.6	4
9	0.2	11	0.1	250
9	0.2	11	0.2	1282
9	0.2	11	0.3	140
9	0.2	11	0.4	18
9	0.2	12	0.1	123
9	0.2	12	0.2	375
9	0.2	12	0.3	34
9	0.2	12	0.4	8
9	0.2	13	0.1	52
9	0.2	13	0.2	112
9	0.2	13	0.3	5
9	0.2	13	0.4	4
9	0.2	14	0.1	70
9	0.2	14	0.2	85
9	0.2	14	0.3	13
9	0.2	15	0.1	27
9	0.2	15	0.2	37
9	0.2	15	0.3	5
9	0.2	16	0.2	14
9	0.2	16	0.3	7
9	0.3	4	0.2	1
9	0.3	4	0.3	31
9	0.3	5	0.2	18
9	0.3	5	0.3	182
9	0.3	5	0.4	7
9	0.3	6	0.2	271
9	0.3	6	0.3	1069
9	0.3	6	0.4	21
9	0.3	7	0.2	826
9	0.3	7	0.3	2543
9	0.3	7	0.4	51
9	0.3	8	0.2	406
9	0.3	8	0.3	3385
9	0.3	8	0.4	68
9	0.3	9	0.2	114
9	0.3	9	0.3	2907
9	0.3	9	0.4	49
9	0.3	10	0.2	18
9	0.3	10	0.3	660
9	0.3	10	0.4	12
9	0.3	11	0.2	3
9	0.3	11	0.3	94
9	0.3	11	0.4	11
9	0.3	12	0.2	6
9	0.3	12	0.3	35
9	0.3	12	0.4	3
9	0.3	13	0.2	1
9	0.3	13	0.3	8
9	0.4	3	0.4	21
9	0.4	3	0.5	3
9	0.4	4	0.3	13
9	0.4	4	0.4	26
9	0.4	4	0.5	6
9	0.4	5	0.3	26
9	0.4	5	0.4	37
9	0.4	5	0.5	14
9	0.4	6	0.2	1
9	0.4	6	0.3	64
9	0.4	6	0.4	137
9	0.4	6	0.5	13
9	0.4	7	0.3	203
9	0.4	7	0.4	511
9	0.4	7	0.5	63
9	0.4	7	0.6	1
9	0.4	8	0.3	275
9	0.4	8	0.4	2566
9	0.4	8	0.5	466
9	0.4	8	0.6	3
9	0.4	9	0.3	220
9	0.4	9	0.4	3424
9	0.4	9	0.5	832
9	0.4	9	0.6	18
9	0.4	9	0.7	1
9	0.4	10	0.3	390
9	0.4	10	0.4	1691
9	0.4	10	0.5	693
9	0.4	10	0.6	9
9	0.4	11	0.3	168
9	0.4	11	0.4	471
9	0.4	11	0.5	216
9	0.4	11	0.6	3
9	0.4	12	0.3	12
9	0.4	12	0.4	93
9	0.4	12	0.5	40
9	0.4	12	0.6	1
9	0.4	13	0.3	4
9	0.4	13	0.4	24
9	0.4	13	0.5	18
9	0.4	14	0.4	4
9	0.4	14	0.5	13
9	0.4	15	0.4	3
9	0.4	15	0.5	3
9	0.5	3	0.4	2
9	0.5	3	0.5	172
9	0.5	3	0.6	19
9	0.5	4	0.4	19
9	0.5	4	0.5	190
9	0.5	4	0.6	47
9	0.5	5	0.4	17
9	0.5	5	0.5	104
9	0.5	5	0.6	36
9	0.5	5	0.7	1
9	0.5	6	0.4	32
9	0.5	6	0.5	725
9	0.5	6	0.6	116
9	0.5	6	0.7	3
9	0.5	7	0.4	52
9	0.5	7	0.5	3346
9	0.5	7	0.6	313
9	0.5	8	0.4	60
9	0.5	8	0.5	3361
9	0.5	8	0.6	343
9	0.5	8	0.7	2
9	0.5	9	0.4	63
9	0.5	9	0.5	2075
9	0.5	9	0.6	293
9	0.5	10	0.4	52
9	0.5	10	0.5	915
9	0.5	10	0.6	124
9	0.5	11	0.4	16
9	0.5	11	0.5	203
9	0.5	11	0.6	20
9	0.5	12	0.4	3
9	0.5	12	0.5	52
9	0.5	12	0.6	9
9	0.5	13	0.4	1
9	0.5	13	0.5	13
9	0.5	14	0.5	1
9	0.6	3	0.4	2
9	0.6	3	0.5	15
9	0.6	4	0.4	1
9	0.6	4	0.5	18
9	0.6	4	0.6	3
9	0.6	5	0.4	1
9	0.6	5	0.5	61
9	0.6	5	0.6	21
9	0.6	6	0.4	8
9	0.6	6	0.5	172
9	0.6	6	0.6	25
9	0.6	7	0.4	66
9	0.6	7	0.5	815
9	0.6	7	0.6	98
9	0.6	8	0.4	28
9	0.6	8	0.5	1079
9	0.6	8	0.6	153
9	0.6	9	0.4	7
9	0.6	9	0.5	848
9	0.6	9	0.6	248
9	0.6	10	0.4	15
9	0.6	10	0.5	579
9	0.6	10	0.6	188
9	0.6	11	0.4	3
9	0.6	11	0.5	167
9	0.6	11	0.6	51
9	0.6	12	0.5	45
9	0.6	12	0.6	10
9	0.6	13	0.4	1
9	0.6	13	0.5	10
9	0.6	13	0.6	2
9	0.6	14	0.5	5
9	0.6	14	0.6	8
9	0.6	15	0.4	1
9	0.6	15	0.5	9
9	0.6	15	0.6	28
9	0.6	15	0.7	2
9	0.6	16	0.6	7
9	0.7	3	0.5	1
9	0.7	3	0.6	2
9	0.7	3	0.7	6
9	0.7	4	0.5	32
9	0.7	4	0.6	78
9	0.7	4	0.7	69
9	0.7	5	0.5	1
9	0.7	5	0.6	35
9	0.7	5	0.7	298
9	0.7	5	0.8	11
9	0.7	6	0.5	2
9	0.7	6	0.6	187
9	0.7	6	0.7	1687
9	0.7	6	0.8	46
9	0.7	7	0.5	2
9	0.7	7	0.6	602
9	0.7	7	0.7	4114
9	0.7	7	0.8	29
9	0.7	8	0.5	1
9	0.7	8	0.6	306
9	0.7	8	0.7	2892
9	0.7	8	0.8	20
9	0.7	9	0.6	94
9	0.7	9	0.7	1405
9	0.7	9	0.8	11
9	0.7	10	0.5	1
9	0.7	10	0.6	55
9	0.7	10	0.7	444
9	0.7	10	0.8	3
9	0.7	11	0.6	21
9	0.7	11	0.7	170
9	0.7	12	0.6	9
9	0.7	12	0.7	69
9	0.7	13	0.6	9
9	0.7	13	0.7	47
9	0.7	14	0.6	12
9	0.7	14	0.7	15
9	0.7	15	0.7	10
9	0.7	16	0.7	4
