10	0.2	3	0.1	14
10	0.2	3	0.2	22
10	0.2	4	0.1	66
10	0.2	4	0.2	145
10	0.2	4	0.3	15
10	0.2	5	0.1	866
10	0.2	5	0.2	659
10	0.2	5	0.3	52
10	0.2	6	0.1	728
10	0.2	6	0.2	1625
10	0.2	6	0.3	290
10	0.2	7	0.1	51
10	0.2	7	0.2	1446
10	0.2	7	0.3	181
10	0.2	8	0.1	45
10	0.2	8	0.2	2208
10	0.2	8	0.3	239
10	0.2	9	0.1	30
10	0.2	9	0.2	2358
10	0.2	9	0.3	185
10	0.2	10	0.1	15
10	0.2	10	0.2	1153
10	0.2	10	0.3	95
10	0.2	10	0.4	1
10	0.2	11	0.1	7
10	0.2	11	0.2	205
10	0.2	11	0.3	60
10	0.2	12	0.2	32
10	0.2	12	0.3	2
10	0.2	13	0.2	4
10	0.2	14	0.2	1
10	0.3	4	0.2	7
10	0.3	4	0.3	5
10	0.3	4	0.6	3
10	0.3	5	0.2	54
10	0.3	5	0.3	16
10	0.3	5	0.4	2
10	0.3	5	0.5	3
10	0.3	5	0.6	5
10	0.3	5	0.7	1
10	0.3	6	0.2	39
10	0.3	6	0.3	116
10	0.3	6	0.4	13
10	0.3	6	0.5	61
10	0.3	6	0.6	15
10	0.3	6	0.7	1
10	0.3	7	0.2	78
10	0.3	7	0.3	592
10	0.3	7	0.4	26
10	0.3	7	0.5	83
10	0.3	7	0.6	5
10	0.3	7	0.7	1
10	0.3	8	0.2	165
10	0.3	8	0.3	778
10	0.3	8	0.4	80
10	0.3	8	0.5	38
10	0.3	8	0.6	6
10	0.3	9	0.2	318
10	0.3	9	0.3	2142
10	0.3	9	0.4	225
10	0.3	9	0.5	23
10	0.3	10	0.2	225
10	0.3	10	0.3	3091
10	0.3	10	0.4	301
10	0.3	10	0.5	4
10	0.3	11	0.2	43
10	0.3	11	0.3	2250
10	0.3	11	0.4	318
10	0.3	11	0.5	3
10	0.3	12	0.2	13
10	0.3	12	0.3	913
10	0.3	12	0.4	125
10	0.3	13	0.2	9
10	0.3	13	0.3	379
10	0.3	13	0.4	37
10	0.3	14	0.2	5
10	0.3	14	0.3	158
10	0.3	14	0.4	13
10	0.3	15	0.2	2
10	0.3	15	0.3	10
10	0.4	6	0.3	2
10	0.4	6	0.4	24
10	0.4	6	0.5	52
10	0.4	6	0.6	4
10	0.4	7	0.2	1
10	0.4	7	0.3	12
10	0.4	7	0.4	82
10	0.4	7	0.5	146
10	0.4	7	0.6	16
10	0.4	8	0.3	38
10	0.4	8	0.4	260
10	0.4	8	0.5	169
10	0.4	8	0.6	6
10	0.4	9	0.3	287
10	0.4	9	0.4	895
10	0.4	9	0.5	208
10	0.4	9	0.6	14
10	0.4	10	0.3	888
10	0.4	10	0.4	2028
10	0.4	10	0.5	160
10	0.4	10	0.6	14
10	0.4	11	0.3	2193
10	0.4	11	0.4	2140
10	0.4	11	0.5	94
10	0.4	11	0.6	12
10	0.4	12	0.2	2
10	0.4	12	0.3	1094
10	0.4	12	0.4	728
10	0.4	12	0.5	90
10	0.4	13	0.3	381
10	0.4	13	0.4	293
10	0.4	13	0.5	61
10	0.4	13	0.6	4
10	0.4	14	0.3	70
10	0.4	14	0.4	99
10	0.4	14	0.5	54
10	0.4	14	0.6	11
10	0.4	15	0.3	4
10	0.4	15	0.4	46
10	0.4	15	0.5	48
10	0.4	15	0.6	6
10	0.4	16	0.4	10
10	0.4	16	0.5	31
10	0.4	17	0.4	12
10	0.4	17	0.5	8
10	0.4	18	0.4	3
10	0.5	3	0.5	51
10	0.5	3	0.6	7
10	0.5	4	0.4	1
10	0.5	4	0.5	308
10	0.5	4	0.6	164
10	0.5	5	0.4	1
10	0.5	5	0.5	382
10	0.5	5	0.6	303
10	0.5	6	0.5	130
10	0.5	6	0.6	193
10	0.5	7	0.5	115
10	0.5	7	0.6	375
10	0.5	7	0.7	33
10	0.5	8	0.5	120
10	0.5	8	0.6	654
10	0.5	8	0.7	30
10	0.5	9	0.5	156
10	0.5	9	0.6	726
10	0.5	9	0.7	35
10	0.5	10	0.5	103
10	0.5	10	0.6	663
10	0.5	10	0.7	65
10	0.5	11	0.5	61
10	0.5	11	0.6	483
10	0.5	11	0.7	44
10	0.5	12	0.5	60
10	0.5	12	0.6	178
10	0.5	12	0.7	6
10	0.5	13	0.5	15
10	0.5	13	0.6	38
10	0.6	3	0.5	6
10	0.6	3	0.6	123
10	0.6	4	0.4	1
10	0.6	4	0.5	144
10	0.6	4	0.6	185
10	0.6	5	0.4	1
10	0.6	5	0.5	178
10	0.6	5	0.6	184
10	0.6	6	0.4	1
10	0.6	6	0.5	94
10	0.6	6	0.6	311
10	0.6	6	0.7	1
10	0.6	7	0.5	111
10	0.6	7	0.6	1058
10	0.6	7	0.7	236
10	0.6	8	0.4	12
10	0.6	8	0.5	257
10	0.6	8	0.6	1193
10	0.6	8	0.7	253
10	0.6	9	0.4	4
10	0.6	9	0.5	167
10	0.6	9	0.6	1296
10	0.6	9	0.7	188
10	0.6	10	0.5	131
10	0.6	10	0.6	2286
10	0.6	10	0.7	346
10	0.6	11	0.5	73
10	0.6	11	0.6	2126
10	0.6	11	0.7	293
10	0.6	12	0.5	47
10	0.6	12	0.6	926
10	0.6	12	0.7	96
10	0.6	13	0.5	34
10	0.6	13	0.6	250
10	0.6	13	0.7	38
10	0.6	14	0.5	17
10	0.6	14	0.6	63
10	0.6	14	0.7	9
10	0.6	14	0.8	6
10	0.6	15	0.5	1
10	0.6	15	0.6	5
10	0.6	15	0.7	10
10	0.6	15	0.8	33
10	0.6	16	0.7	5
10	0.6	16	0.8	1
10	0.7	3	0.6	33
10	0.7	4	0.5	85
10	0.7	4	0.6	88
10	0.7	5	0.5	48
10	0.7	5	0.6	58
10	0.7	6	0.4	1
10	0.7	6	0.5	25
10	0.7	6	0.6	158
10	0.7	6	0.7	10
10	0.7	7	0.5	37
10	0.7	7	0.6	723
10	0.7	7	0.7	258
10	0.7	8	0.5	60
10	0.7	8	0.6	849
10	0.7	8	0.7	308
10	0.7	9	0.5	61
10	0.7	9	0.6	1173
10	0.7	9	0.7	250
10	0.7	10	0.5	63
10	0.7	10	0.6	2022
10	0.7	10	0.7	536
10	0.7	11	0.5	64
10	0.7	11	0.6	2403
10	0.7	11	0.7	487
10	0.7	12	0.5	45
10	0.7	12	0.6	1152
10	0.7	12	0.7	280
10	0.7	13	0.5	24
10	0.7	13	0.6	718
10	0.7	13	0.7	194
10	0.7	14	0.5	19
10	0.7	14	0.6	390
10	0.7	14	0.7	50
10	0.7	15	0.5	4
10	0.7	15	0.6	101
10	0.7	15	0.7	2
10	0.7	16	0.6	20
10	0.7	17	0.6	1
11	0.1	3	0.1	75
11	0.1	3	0.2	136
11	0.1	4	0.1	88
11	0.1	4	0.2	199
11	0.1	5	0.1	746
11	0.1	5	0.2	368
11	0.1	5	0.3	25
11	0.1	6	0.1	564
11	0.1	6	0.2	372
11	0.1	6	0.3	19
11	0.1	7	0.1	252
11	0.1	7	0.2	327
11	0.1	7	0.3	15
11	0.1	8	0.1	556
11	0.1	8	0.2	645
11	0.1	8	0.3	23
11	0.1	9	0.1	435
11	0.1	9	0.2	473
11	0.1	9	0.3	15
11	0.1	10	0.1	561
11	0.1	10	0.2	449
11	0.1	10	0.3	18
11	0.1	11	0.1	861
11	0.1	11	0.2	409
11	0.1	11	0.3	36
11	0.1	12	0.1	717
11	0.1	12	0.2	405
11	0.1	12	0.3	37
11	0.1	13	0.1	619
11	0.1	13	0.2	331
11	0.1	13	0.3	29
11	0.1	14	0.1	540
11	0.1	14	0.2	235
11	0.1	14	0.3	16
11	0.1	15	0.1	363
11	0.1	15	0.2	184
11	0.1	15	0.3	18
11	0.1	16	0.1	251
11	0.1	16	0.2	125
11	0.1	16	0.3	6
11	0.1	17	0.1	214
11	0.1	17	0.2	102
11	0.1	17	0.3	7
11	0.1	18	0.1	205
11	0.1	18	0.2	92
11	0.1	18	0.3	1
11	0.1	19	0.1	181
11	0.1	19	0.2	82
11	0.1	19	0.3	4
11	0.1	20	0.1	102
11	0.1	20	0.2	73
11	0.1	20	0.3	7
11	0.1	21	0.1	45
11	0.1	21	0.2	32
11	0.1	21	0.3	1
11	0.1	22	0.1	19
11	0.1	22	0.2	35
11	0.1	22	0.3	1
11	0.1	23	0.1	9
11	0.1	23	0.2	16
11	0.1	24	0.1	7
11	0.1	24	0.2	7
11	0.1	25	0.1	9
11	0.1	25	0.2	5
11	0.1	26	0.1	1
11	0.3	3	0.3	9
11	0.3	4	0.2	5
11	0.3	4	0.3	27
11	0.3	5	0.3	7
11	0.3	6	0.2	4
11	0.3	6	0.3	15
11	0.3	6	0.4	8
11	0.3	6	0.5	20
11	0.3	7	0.2	19
11	0.3	7	0.3	140
11	0.3	7	0.4	62
11	0.3	7	0.5	34
11	0.3	8	0.2	70
11	0.3	8	0.3	246
11	0.3	8	0.4	87
11	0.3	8	0.5	44
11	0.3	9	0.2	77
11	0.3	9	0.3	792
11	0.3	9	0.4	231
11	0.3	9	0.5	32
11	0.3	10	0.2	85
11	0.3	10	0.3	2193
11	0.3	10	0.4	583
11	0.3	10	0.5	30
11	0.3	10	0.6	2
11	0.3	11	0.2	140
11	0.3	11	0.3	3699
11	0.3	11	0.4	899
11	0.3	11	0.5	40
11	0.3	11	0.6	10
11	0.3	12	0.2	92
11	0.3	12	0.3	1569
11	0.3	12	0.4	382
11	0.3	12	0.5	25
11	0.3	12	0.6	15
11	0.3	13	0.2	50
11	0.3	13	0.3	596
11	0.3	13	0.4	146
11	0.3	13	0.5	19
11	0.3	13	0.6	6
11	0.3	14	0.2	25
11	0.3	14	0.3	177
11	0.3	14	0.4	51
11	0.3	14	0.5	6
11	0.3	14	0.6	6
11	0.3	15	0.2	4
11	0.3	15	0.3	15
11	0.3	15	0.4	6
11	0.4	5	0.4	1
11	0.4	6	0.3	1
11	0.4	6	0.4	18
11	0.4	6	0.5	7
11	0.4	7	0.3	71
11	0.4	7	0.4	140
11	0.4	7	0.5	32
11	0.4	8	0.3	99
11	0.4	8	0.4	279
11	0.4	8	0.5	40
11	0.4	9	0.2	4
11	0.4	9	0.3	250
11	0.4	9	0.4	626
11	0.4	9	0.5	52
11	0.4	9	0.6	7
11	0.4	10	0.2	1
11	0.4	10	0.3	1028
11	0.4	10	0.4	1521
11	0.4	10	0.5	63
11	0.4	10	0.6	2
11	0.4	11	0.2	3
11	0.4	11	0.3	2513
11	0.4	11	0.4	2323
11	0.4	11	0.5	30
11	0.4	11	0.6	2
11	0.4	12	0.2	1
11	0.4	12	0.3	1413
11	0.4	12	0.4	1046
11	0.4	12	0.5	5
11	0.4	13	0.3	579
11	0.4	13	0.4	473
11	0.4	13	0.5	6
11	0.4	14	0.3	94
11	0.4	14	0.4	61
11	0.4	14	0.5	5
11	0.4	15	0.3	2
11	0.4	15	0.5	2
11	0.5	3	0.4	27
11	0.5	3	0.5	62
11	0.5	3	0.6	6
11	0.5	4	0.4	20
11	0.5	4	0.5	323
11	0.5	4	0.6	142
11	0.5	5	0.4	3
11	0.5	5	0.5	356
11	0.5	5	0.6	280
11	0.5	6	0.4	5
11	0.5	6	0.5	130
11	0.5	6	0.6	263
11	0.5	6	0.7	3
11	0.5	7	0.4	3
11	0.5	7	0.5	162
11	0.5	7	0.6	557
11	0.5	7	0.7	67
11	0.5	8	0.4	3
11	0.5	8	0.5	261
11	0.5	8	0.6	1006
11	0.5	8	0.7	98
11	0.5	9	0.4	1
11	0.5	9	0.5	281
11	0.5	9	0.6	1491
11	0.5	9	0.7	106
11	0.5	10	0.5	358
11	0.5	10	0.6	1835
11	0.5	10	0.7	152
11	0.5	11	0.4	10
11	0.5	11	0.5	614
11	0.5	11	0.6	1778
11	0.5	11	0.7	130
11	0.5	12	0.4	4
11	0.5	12	0.5	424
11	0.5	12	0.6	970
11	0.5	12	0.7	45
11	0.5	13	0.4	1
11	0.5	13	0.5	201
11	0.5	13	0.6	346
11	0.5	13	0.7	16
11	0.5	14	0.4	1
11	0.5	14	0.5	60
11	0.5	14	0.6	101
11	0.5	14	0.7	3
11	0.5	15	0.5	22
11	0.5	15	0.6	63
11	0.5	16	0.5	6
11	0.5	16	0.6	3
11	0.5	17	0.5	1
11	0.6	3	0.4	1
11	0.6	3	0.5	40
11	0.6	3	0.6	1
11	0.6	4	0.5	143
11	0.6	4	0.6	93
11	0.6	5	0.4	3
11	0.6	5	0.5	254
11	0.6	5	0.6	225
11	0.6	6	0.5	133
11	0.6	6	0.6	312
11	0.6	6	0.7	9
11	0.6	7	0.5	87
11	0.6	7	0.6	1014
11	0.6	7	0.7	323
11	0.6	8	0.4	1
11	0.6	8	0.5	116
11	0.6	8	0.6	1265
11	0.6	8	0.7	389
11	0.6	9	0.5	114
11	0.6	9	0.6	1388
11	0.6	9	0.7	227
11	0.6	10	0.5	113
11	0.6	10	0.6	2199
11	0.6	10	0.7	312
11	0.6	11	0.5	112
11	0.6	11	0.6	2321
11	0.6	11	0.7	289
11	0.6	12	0.5	43
11	0.6	12	0.6	901
11	0.6	12	0.7	92
11	0.6	13	0.5	8
11	0.6	13	0.6	190
11	0.6	13	0.7	28
11	0.6	14	0.5	1
11	0.6	14	0.6	44
11	0.6	14	0.7	3
11	0.6	15	0.6	6
11	0.7	3	0.5	1
11	0.7	3	0.6	6
11	0.7	4	0.5	12
11	0.7	4	0.6	44
11	0.7	5	0.5	31
11	0.7	5	0.6	67
11	0.7	6	0.5	29
11	0.7	6	0.6	147
11	0.7	6	0.7	3
11	0.7	7	0.5	18
11	0.7	7	0.6	409
11	0.7	7	0.7	153
11	0.7	8	0.5	36
11	0.7	8	0.6	591
11	0.7	8	0.7	198
11	0.7	9	0.5	47
11	0.7	9	0.6	922
11	0.7	9	0.7	178
11	0.7	10	0.5	46
11	0.7	10	0.6	1631
11	0.7	10	0.7	404
11	0.7	11	0.5	33
11	0.7	11	0.6	2376
11	0.7	11	0.7	713
11	0.7	12	0.5	37
11	0.7	12	0.6	1767
11	0.7	12	0.7	469
11	0.7	13	0.5	52
11	0.7	13	0.6	1104
11	0.7	13	0.7	265
11	0.7	14	0.5	47
11	0.7	14	0.6	586
11	0.7	14	0.7	76
11	0.7	15	0.5	13
11	0.7	15	0.6	231
11	0.7	15	0.7	9
11	0.7	16	0.5	5
11	0.7	16	0.6	29
11	0.7	17	0.5	4
11	0.7	17	0.6	11
12	0.1	3	0.1	7
12	0.1	3	0.2	124
12	0.1	3	0.3	9
12	0.1	4	0.1	46
12	0.1	4	0.2	118
12	0.1	4	0.3	13
12	0.1	5	0.1	397
12	0.1	5	0.2	180
12	0.1	5	0.3	24
12	0.1	6	0.1	309
12	0.1	6	0.2	246
12	0.1	6	0.3	23
12	0.1	7	0.1	185
12	0.1	7	0.2	270
12	0.1	7	0.3	20
12	0.1	8	0.1	327
12	0.1	8	0.2	316
12	0.1	8	0.3	20
12	0.1	9	0.1	320
12	0.1	9	0.2	261
12	0.1	9	0.3	6
12	0.1	9	0.4	5
12	0.1	10	0.1	445
12	0.1	10	0.2	416
12	0.1	10	0.3	7
12	0.1	10	0.4	6
12	0.1	11	0.1	683
12	0.1	11	0.2	386
12	0.1	11	0.3	19
12	0.1	11	0.4	11
12	0.1	11	0.5	1
12	0.1	12	0.1	1026
12	0.1	12	0.2	447
12	0.1	12	0.3	36
12	0.1	12	0.4	5
12	0.1	13	0.1	855
12	0.1	13	0.2	472
12	0.1	13	0.3	36
12	0.1	13	0.4	7
12	0.1	14	0.1	602
12	0.1	14	0.2	319
12	0.1	14	0.3	42
12	0.1	14	0.4	9
12	0.1	14	0.5	3
12	0.1	15	0.1	574
12	0.1	15	0.2	306
12	0.1	15	0.3	35
12	0.1	15	0.4	7
12	0.1	15	0.5	3
12	0.1	16	0.1	494
12	0.1	16	0.2	260
12	0.1	16	0.3	7
12	0.1	16	0.4	2
12	0.1	17	0.1	327
12	0.1	17	0.2	264
12	0.1	17	0.3	23
12	0.1	18	0.1	302
12	0.1	18	0.2	203
12	0.1	18	0.3	32
12	0.1	19	0.1	234
12	0.1	19	0.2	135
12	0.1	19	0.3	25
12	0.1	19	0.4	3
12	0.1	20	0.1	86
12	0.1	20	0.2	79
12	0.1	20	0.3	15
12	0.1	20	0.4	7
12	0.1	21	0.1	76
12	0.1	21	0.2	40
12	0.1	21	0.3	6
12	0.1	21	0.4	6
12	0.1	22	0.1	54
12	0.1	22	0.2	17
12	0.1	22	0.3	8
12	0.1	22	0.4	3
12	0.1	23	0.1	29
12	0.1	23	0.2	19
12	0.1	23	0.3	3
12	0.1	24	0.1	25
12	0.1	24	0.2	8
12	0.1	24	0.3	2
12	0.1	25	0.1	11
12	0.1	26	0.1	6
12	0.1	27	0.1	5
12	0.3	6	0.2	1
12	0.3	6	0.3	20
12	0.3	6	0.4	6
12	0.3	6	0.5	27
12	0.3	7	0.2	25
12	0.3	7	0.3	199
12	0.3	7	0.4	25
12	0.3	7	0.5	28
12	0.3	8	0.2	14
12	0.3	8	0.3	176
12	0.3	8	0.4	36
12	0.3	8	0.5	7
12	0.3	9	0.2	14
12	0.3	9	0.3	401
12	0.3	9	0.4	122
12	0.3	9	0.5	21
12	0.3	10	0.2	43
12	0.3	10	0.3	1610
12	0.3	10	0.4	451
12	0.3	10	0.5	14
12	0.3	11	0.2	69
12	0.3	11	0.3	3900
12	0.3	11	0.4	835
12	0.3	11	0.5	13
12	0.3	12	0.2	47
12	0.3	12	0.3	2355
12	0.3	12	0.4	553
12	0.3	12	0.5	9
12	0.3	13	0.2	39
12	0.3	13	0.3	980
12	0.3	13	0.4	265
12	0.3	13	0.5	49
12	0.3	14	0.2	10
12	0.3	14	0.3	270
12	0.3	14	0.4	78
12	0.3	14	0.5	32
12	0.3	15	0.2	1
12	0.3	15	0.3	24
12	0.3	15	0.4	20
12	0.3	15	0.5	11
12	0.4	3	0.4	4
12	0.4	3	0.5	7
12	0.4	4	0.4	2
12	0.4	4	0.5	19
12	0.4	4	0.6	2
12	0.4	5	0.5	9
12	0.4	6	0.4	5
12	0.4	6	0.5	29
12	0.4	6	0.6	2
12	0.4	7	0.3	2
12	0.4	7	0.4	35
12	0.4	7	0.5	47
12	0.4	7	0.6	7
12	0.4	8	0.3	15
12	0.4	8	0.4	64
12	0.4	8	0.5	29
12	0.4	8	0.6	8
12	0.4	9	0.3	166
12	0.4	9	0.4	129
12	0.4	9	0.5	15
12	0.4	9	0.6	2
12	0.4	10	0.3	726
12	0.4	10	0.4	534
12	0.4	10	0.5	11
12	0.4	10	0.6	1
12	0.4	11	0.3	2266
12	0.4	11	0.4	1184
12	0.4	11	0.5	13
12	0.4	12	0.2	1
12	0.4	12	0.3	1723
12	0.4	12	0.4	1497
12	0.4	12	0.5	18
12	0.4	13	0.3	1499
12	0.4	13	0.4	957
12	0.4	13	0.5	25
12	0.4	14	0.3	891
12	0.4	14	0.4	365
12	0.4	14	0.5	108
12	0.4	14	0.6	1
12	0.4	15	0.3	110
12	0.4	15	0.4	133
12	0.4	15	0.5	61
12	0.4	15	0.6	9
12	0.4	16	0.3	4
12	0.4	16	0.4	25
12	0.4	16	0.5	14
12	0.4	16	0.6	8
12	0.4	17	0.4	5
12	0.4	17	0.5	9
12	0.4	18	0.4	2
12	0.4	18	0.5	2
12	0.5	4	0.4	1
12	0.5	4	0.5	177
12	0.5	4	0.6	112
12	0.5	5	0.4	1
12	0.5	5	0.5	365
12	0.5	5	0.6	278
12	0.5	6	0.5	162
12	0.5	6	0.6	274
12	0.5	7	0.5	148
12	0.5	7	0.6	445
12	0.5	7	0.7	14
12	0.5	8	0.5	172
12	0.5	8	0.6	743
12	0.5	8	0.7	29
12	0.5	9	0.4	3
12	0.5	9	0.5	228
12	0.5	9	0.6	1036
12	0.5	9	0.7	47
12	0.5	10	0.4	7
12	0.5	10	0.5	324
12	0.5	10	0.6	1269
12	0.5	10	0.7	117
12	0.5	11	0.4	30
12	0.5	11	0.5	1181
12	0.5	11	0.6	1450
12	0.5	11	0.7	111
12	0.5	12	0.4	90
12	0.5	12	0.5	2136
12	0.5	12	0.6	866
12	0.5	12	0.7	13
12	0.5	13	0.4	64
12	0.5	13	0.5	541
12	0.5	13	0.6	200
12	0.5	13	0.7	2
12	0.5	14	0.4	13
12	0.5	14	0.5	77
12	0.5	14	0.6	57
12	0.5	15	0.5	12
12	0.5	15	0.6	5
12	0.6	3	0.5	39
12	0.6	3	0.6	17
12	0.6	4	0.5	81
12	0.6	4	0.6	93
12	0.6	5	0.5	75
12	0.6	5	0.6	105
12	0.6	6	0.5	66
12	0.6	6	0.6	173
12	0.6	6	0.7	8
12	0.6	7	0.5	60
12	0.6	7	0.6	655
12	0.6	7	0.7	217
12	0.6	8	0.5	88
12	0.6	8	0.6	826
12	0.6	8	0.7	200
12	0.6	9	0.5	110
12	0.6	9	0.6	1062
12	0.6	9	0.7	170
12	0.6	10	0.5	67
12	0.6	10	0.6	2007
12	0.6	10	0.7	340
12	0.6	11	0.5	80
12	0.6	11	0.6	2683
12	0.6	11	0.7	436
12	0.6	12	0.5	67
12	0.6	12	0.6	1722
12	0.6	12	0.7	202
12	0.6	13	0.5	52
12	0.6	13	0.6	580
12	0.6	13	0.7	76
12	0.6	14	0.5	16
12	0.6	14	0.6	178
12	0.6	14	0.7	35
12	0.6	14	0.8	15
12	0.6	15	0.5	6
12	0.6	15	0.6	44
12	0.6	15	0.7	26
12	0.6	15	0.8	74
12	0.6	15	0.9	2
12	0.6	16	0.5	1
12	0.6	16	0.6	19
12	0.6	16	0.7	11
12	0.6	16	0.8	16
12	0.7	3	0.6	11
12	0.7	4	0.5	2
12	0.7	4	0.6	49
12	0.7	5	0.5	6
12	0.7	5	0.6	41
12	0.7	6	0.5	6
12	0.7	6	0.6	52
12	0.7	7	0.5	10
12	0.7	7	0.6	251
12	0.7	7	0.7	26
12	0.7	8	0.5	11
12	0.7	8	0.6	306
12	0.7	8	0.7	61
12	0.7	9	0.5	10
12	0.7	9	0.6	386
12	0.7	9	0.7	85
12	0.7	10	0.5	17
12	0.7	10	0.6	853
12	0.7	10	0.7	220
12	0.7	11	0.5	31
12	0.7	11	0.6	1477
12	0.7	11	0.7	475
12	0.7	12	0.5	36
12	0.7	12	0.6	2005
12	0.7	12	0.7	1006
12	0.7	13	0.5	42
12	0.7	13	0.6	2266
12	0.7	13	0.7	729
12	0.7	14	0.5	55
12	0.7	14	0.6	1441
12	0.7	14	0.7	242
12	0.7	15	0.5	30
12	0.7	15	0.6	418
12	0.7	15	0.7	27
12	0.7	16	0.5	13
12	0.7	16	0.6	84
12	0.7	17	0.5	7
12	0.7	17	0.6	11
12	0.7	18	0.6	2
12	0.8	11	0.7	4
12	0.8	11	0.8	13
12	0.8	12	0.7	32
12	0.8	12	0.8	370
12	0.8	12	0.9	2
12	0.8	13	0.7	32
12	0.8	13	0.8	513
12	0.8	13	0.9	2
12	0.8	14	0.7	36
12	0.8	14	0.8	2352
12	0.8	14	0.9	52
12	0.8	15	0.7	136
12	0.8	15	0.8	8324
12	0.8	15	0.9	37
12	0.8	16	0.6	1
12	0.8	16	0.7	142
12	0.8	16	0.8	735
12	0.8	17	0.7	14
12	0.8	17	0.8	3
13	0.1	2	0.1	1
13	0.1	3	0.1	39
13	0.1	3	0.2	45
13	0.1	3	0.3	1
13	0.1	4	0.1	101
13	0.1	4	0.2	94
13	0.1	5	0.1	392
13	0.1	5	0.2	167
13	0.1	5	0.3	4
13	0.1	6	0.1	302
13	0.1	6	0.2	191
13	0.1	6	0.3	16
13	0.1	7	0.1	59
13	0.1	7	0.2	162
13	0.1	7	0.3	10
13	0.1	8	0.1	96
13	0.1	8	0.2	235
13	0.1	8	0.3	22
13	0.1	9	0.1	186
13	0.1	9	0.2	287
13	0.1	9	0.3	10
13	0.1	10	0.1	277
13	0.1	10	0.2	314
13	0.1	10	0.3	5
13	0.1	10	0.4	5
13	0.1	11	0.1	410
13	0.1	11	0.2	371
13	0.1	11	0.3	18
13	0.1	11	0.4	4
13	0.1	12	0.1	636
13	0.1	12	0.2	408
13	0.1	12	0.3	27
13	0.1	12	0.4	2
13	0.1	13	0.1	1041
13	0.1	13	0.2	361
13	0.1	13	0.3	33
13	0.1	13	0.4	4
13	0.1	14	0.1	874
13	0.1	14	0.2	376
13	0.1	14	0.3	12
13	0.1	14	0.4	7
13	0.1	15	0.1	773
13	0.1	15	0.2	365
13	0.1	15	0.3	15
13	0.1	15	0.4	4
13	0.1	16	0.1	629
13	0.1	16	0.2	257
13	0.1	16	0.3	4
13	0.1	16	0.4	2
13	0.1	17	0.1	476
13	0.1	17	0.2	188
13	0.1	17	0.3	2
13	0.1	17	0.4	4
13	0.1	17	0.5	1
13	0.1	18	0.1	462
13	0.1	18	0.2	191
13	0.1	18	0.3	8
13	0.1	18	0.4	11
13	0.1	18	0.5	5
13	0.1	19	0.1	399
13	0.1	19	0.2	119
13	0.1	19	0.3	6
13	0.1	19	0.4	7
13	0.1	20	0.1	351
13	0.1	20	0.2	117
13	0.1	20	0.3	6
13	0.1	21	0.1	272
13	0.1	21	0.2	72
13	0.1	21	0.3	1
13	0.1	22	0.1	147
13	0.1	22	0.2	26
13	0.1	23	0.1	102
13	0.1	23	0.2	14
13	0.1	24	0.1	65
13	0.1	24	0.2	7
13	0.1	25	0.1	43
13	0.1	25	0.2	5
13	0.1	26	0	1
13	0.1	26	0.1	22
13	0.1	26	0.2	2
13	0.1	27	0	2
13	0.1	27	0.1	12
13	0.3	4	0.2	3
13	0.3	4	0.3	1
13	0.3	5	0.2	26
13	0.3	5	0.3	1
13	0.3	6	0.1	1
13	0.3	6	0.2	49
13	0.3	6	0.3	12
13	0.3	6	0.4	5
13	0.3	6	0.5	3
13	0.3	7	0.1	1
13	0.3	7	0.2	89
13	0.3	7	0.3	117
13	0.3	7	0.4	15
13	0.3	7	0.5	7
13	0.3	8	0.2	91
13	0.3	8	0.3	255
13	0.3	8	0.4	45
13	0.3	8	0.5	6
13	0.3	9	0.2	136
13	0.3	9	0.3	574
13	0.3	9	0.4	119
13	0.3	9	0.5	19
13	0.3	10	0.2	177
13	0.3	10	0.3	1299
13	0.3	10	0.4	254
13	0.3	10	0.5	10
13	0.3	11	0.2	221
13	0.3	11	0.3	2453
13	0.3	11	0.4	411
13	0.3	11	0.5	3
13	0.3	12	0.2	236
13	0.3	12	0.3	2091
13	0.3	12	0.4	374
13	0.3	12	0.5	6
13	0.3	13	0.2	180
13	0.3	13	0.3	1812
13	0.3	13	0.4	323
13	0.3	13	0.5	3
13	0.3	14	0.2	54
13	0.3	14	0.3	981
13	0.3	14	0.4	148
13	0.3	15	0.2	13
13	0.3	15	0.3	137
13	0.3	15	0.4	24
13	0.3	16	0.4	12
13	0.3	17	0.4	3
13	0.4	5	0.4	1
13	0.4	5	0.5	2
13	0.4	6	0.4	26
13	0.4	6	0.5	24
13	0.4	6	0.6	4
13	0.4	7	0.3	5
13	0.4	7	0.4	34
13	0.4	7	0.5	51
13	0.4	7	0.6	7
13	0.4	8	0.3	29
13	0.4	8	0.4	67
13	0.4	8	0.5	59
13	0.4	8	0.6	1
13	0.4	9	0.3	84
13	0.4	9	0.4	233
13	0.4	9	0.5	52
13	0.4	9	0.6	2
13	0.4	10	0.3	442
13	0.4	10	0.4	453
13	0.4	10	0.5	47
13	0.4	10	0.6	1
13	0.4	11	0.2	8
13	0.4	11	0.3	1349
13	0.4	11	0.4	863
13	0.4	11	0.5	51
13	0.4	11	0.6	5
13	0.4	12	0.3	1340
13	0.4	12	0.4	1097
13	0.4	12	0.5	35
13	0.4	12	0.6	1
13	0.4	13	0.2	1
13	0.4	13	0.3	1833
13	0.4	13	0.4	1376
13	0.4	13	0.5	49
13	0.4	14	0.2	5
13	0.4	14	0.3	1540
13	0.4	14	0.4	912
13	0.4	14	0.5	59
13	0.4	15	0.2	4
13	0.4	15	0.3	276
13	0.4	15	0.4	269
13	0.4	15	0.5	22
13	0.4	16	0.3	9
13	0.4	16	0.4	65
13	0.4	17	0.4	7
13	0.5	3	0.5	2
13	0.5	4	0.4	3
13	0.5	4	0.5	171
13	0.5	4	0.6	97
13	0.5	5	0.4	1
13	0.5	5	0.5	290
13	0.5	5	0.6	211
13	0.5	6	0.5	103
13	0.5	6	0.6	160
13	0.5	6	0.7	2
13	0.5	7	0.5	62
13	0.5	7	0.6	304
13	0.5	7	0.7	39
13	0.5	8	0.5	98
13	0.5	8	0.6	531
13	0.5	8	0.7	27
13	0.5	9	0.4	7
13	0.5	9	0.5	146
13	0.5	9	0.6	720
13	0.5	9	0.7	43
13	0.5	10	0.4	13
13	0.5	10	0.5	264
13	0.5	10	0.6	922
13	0.5	10	0.7	76
13	0.5	11	0.4	29
13	0.5	11	0.5	993
13	0.5	11	0.6	1142
13	0.5	11	0.7	64
13	0.5	12	0.4	73
13	0.5	12	0.5	2227
13	0.5	12	0.6	965
13	0.5	12	0.7	32
13	0.5	13	0.4	55
13	0.5	13	0.5	1378
13	0.5	13	0.6	712
13	0.5	13	0.7	16
13	0.5	14	0.4	15
13	0.5	14	0.5	341
13	0.5	14	0.6	346
13	0.5	14	0.7	5
13	0.5	15	0.3	1
13	0.5	15	0.4	10
13	0.5	15	0.5	53
13	0.5	15	0.6	47
13	0.5	16	0.3	1
13	0.5	16	0.5	2
13	0.5	16	0.6	1
13	0.6	3	0.5	24
13	0.6	3	0.6	9
13	0.6	4	0.5	47
13	0.6	4	0.6	35
13	0.6	5	0.5	65
13	0.6	5	0.6	56
13	0.6	6	0.5	57
13	0.6	6	0.6	89
13	0.6	6	0.7	4
13	0.6	7	0.5	43
13	0.6	7	0.6	307
13	0.6	7	0.7	100
13	0.6	8	0.4	1
13	0.6	8	0.5	62
13	0.6	8	0.6	434
13	0.6	8	0.7	134
13	0.6	9	0.5	45
13	0.6	9	0.6	728
13	0.6	9	0.7	126
13	0.6	10	0.5	53
13	0.6	10	0.6	1533
13	0.6	10	0.7	273
13	0.6	11	0.5	58
13	0.6	11	0.6	1979
13	0.6	11	0.7	364
13	0.6	12	0.5	51
13	0.6	12	0.6	1800
13	0.6	12	0.7	466
13	0.6	13	0.5	90
13	0.6	13	0.6	1910
13	0.6	13	0.7	411
13	0.6	14	0.5	101
13	0.6	14	0.6	950
13	0.6	14	0.7	131
13	0.6	15	0.5	17
13	0.6	15	0.6	171
13	0.6	15	0.7	7
13	0.6	16	0.5	4
13	0.6	16	0.6	38
13	0.6	17	0.5	10
13	0.6	17	0.6	13
13	0.6	18	0.5	2
13	0.6	18	0.6	2
13	0.7	3	0.5	2
13	0.7	3	0.6	39
13	0.7	4	0.5	2
13	0.7	4	0.6	62
13	0.7	5	0.5	1
13	0.7	5	0.6	22
13	0.7	6	0.6	74
13	0.7	7	0.5	3
13	0.7	7	0.6	172
13	0.7	7	0.7	50
13	0.7	8	0.5	10
13	0.7	8	0.6	223
13	0.7	8	0.7	102
13	0.7	9	0.5	17
13	0.7	9	0.6	387
13	0.7	9	0.7	131
13	0.7	10	0.5	22
13	0.7	10	0.6	738
13	0.7	10	0.7	299
13	0.7	11	0.5	24
13	0.7	11	0.6	1390
13	0.7	11	0.7	494
13	0.7	12	0.5	28
13	0.7	12	0.6	1788
13	0.7	12	0.7	823
13	0.7	13	0.5	45
13	0.7	13	0.6	2149
13	0.7	13	0.7	881
13	0.7	14	0.5	50
13	0.7	14	0.6	1748
13	0.7	14	0.7	241
13	0.7	15	0.5	41
13	0.7	15	0.6	554
13	0.7	15	0.7	19
13	0.7	16	0.5	22
13	0.7	16	0.6	122
13	0.7	17	0.5	15
13	0.7	17	0.6	9
13	0.7	18	0.5	1
13	0.8	11	0.7	1
13	0.8	11	0.8	4
13	0.8	12	0.7	4
13	0.8	12	0.8	80
13	0.8	13	0.7	9
13	0.8	13	0.8	467
13	0.8	13	0.9	2
13	0.8	14	0.6	1
13	0.8	14	0.7	43
13	0.8	14	0.8	2478
13	0.8	14	0.9	52
13	0.8	15	0.7	227
13	0.8	15	0.8	8629
13	0.8	15	0.9	35
13	0.8	16	0.6	1
13	0.8	16	0.7	140
13	0.8	16	0.8	603
13	0.8	17	0.7	14
13	0.8	17	0.8	10
14	0.1	3	0.2	5
14	0.1	3	0.3	1
14	0.1	4	0.1	11
14	0.1	4	0.2	23
14	0.1	4	0.3	15
14	0.1	5	0.1	89
14	0.1	5	0.2	76
14	0.1	5	0.3	11
14	0.1	6	0.1	109
14	0.1	6	0.2	98
14	0.1	6	0.3	14
14	0.1	6	0.4	1
14	0.1	7	0.1	70
14	0.1	7	0.2	83
14	0.1	7	0.3	11
14	0.1	8	0.1	126
14	0.1	8	0.2	134
14	0.1	8	0.3	18
14	0.1	9	0.1	137
14	0.1	9	0.2	132
14	0.1	9	0.3	12
14	0.1	9	0.4	2
14	0.1	10	0.1	155
14	0.1	10	0.2	157
14	0.1	10	0.3	15
14	0.1	11	0.1	366
14	0.1	11	0.2	219
14	0.1	11	0.3	24
14	0.1	12	0.1	482
14	0.1	12	0.2	252
14	0.1	12	0.3	13
14	0.1	13	0.1	864
14	0.1	13	0.2	360
14	0.1	13	0.3	25
14	0.1	14	0.1	1355
14	0.1	14	0.2	399
14	0.1	14	0.3	20
14	0.1	15	0.1	1102
14	0.1	15	0.2	400
14	0.1	15	0.3	18
14	0.1	15	0.4	1
14	0.1	16	0.1	997
14	0.1	16	0.2	333
14	0.1	16	0.3	27
14	0.1	16	0.4	4
14	0.1	17	0.1	731
14	0.1	17	0.2	272
14	0.1	17	0.3	35
14	0.1	17	0.4	11
14	0.1	18	0.1	618
14	0.1	18	0.2	232
14	0.1	18	0.3	37
14	0.1	18	0.4	5
14	0.1	19	0.1	420
14	0.1	19	0.2	203
14	0.1	19	0.3	17
14	0.1	20	0.1	394
14	0.1	20	0.2	94
14	0.1	20	0.3	7
14	0.1	21	0.1	267
14	0.1	21	0.2	49
14	0.1	21	0.3	5
14	0.1	22	0.1	176
14	0.1	22	0.2	38
14	0.1	23	0.1	150
14	0.1	23	0.2	32
14	0.1	24	0.1	105
14	0.1	24	0.2	7
14	0.1	25	0.1	66
14	0.1	25	0.2	10
14	0.1	26	0.1	31
14	0.1	27	0.1	16
14	0.1	28	0.1	5
14	0.1	29	0.1	1
14	0.3	5	0.3	6
14	0.3	6	0.3	25
14	0.3	7	0.2	4
14	0.3	7	0.3	33
14	0.3	7	0.4	1
14	0.3	8	0.2	9
14	0.3	8	0.3	64
14	0.3	8	0.4	6
14	0.3	9	0.2	35
14	0.3	9	0.3	246
14	0.3	9	0.4	29
14	0.3	10	0.2	50
14	0.3	10	0.3	838
14	0.3	10	0.4	185
14	0.3	10	0.5	2
14	0.3	11	0.2	67
14	0.3	11	0.3	1713
14	0.3	11	0.4	314
14	0.3	12	0.2	75
14	0.3	12	0.3	1596
14	0.3	12	0.4	465
14	0.3	13	0.2	92
14	0.3	13	0.3	2278
14	0.3	13	0.4	568
14	0.3	13	0.5	1
14	0.3	14	0.2	115
14	0.3	14	0.3	2710
14	0.3	14	0.4	388
14	0.3	15	0.2	58
14	0.3	15	0.3	616
14	0.3	15	0.4	136
14	0.3	15	0.5	2
14	0.3	16	0.2	7
14	0.3	16	0.3	24
14	0.3	16	0.4	31
14	0.3	17	0.3	1
14	0.3	17	0.4	9
14	0.3	18	0.4	1
14	0.5	3	0.4	1
14	0.5	3	0.5	9
14	0.5	3	0.6	1
14	0.5	4	0.5	35
14	0.5	4	0.6	17
14	0.5	5	0.4	4
14	0.5	5	0.5	56
14	0.5	5	0.6	22
14	0.5	6	0.4	15
14	0.5	6	0.5	47
14	0.5	6	0.6	50
14	0.5	6	0.7	3
14	0.5	7	0.4	1
14	0.5	7	0.5	55
14	0.5	7	0.6	223
14	0.5	7	0.7	102
14	0.5	8	0.4	8
14	0.5	8	0.5	130
14	0.5	8	0.6	394
14	0.5	8	0.7	126
14	0.5	9	0.4	2
14	0.5	9	0.5	150
14	0.5	9	0.6	616
14	0.5	9	0.7	91
14	0.5	10	0.4	10
14	0.5	10	0.5	170
14	0.5	10	0.6	1252
14	0.5	10	0.7	210
14	0.5	11	0.4	24
14	0.5	11	0.5	318
14	0.5	11	0.6	1564
14	0.5	11	0.7	154
14	0.5	12	0.4	17
14	0.5	12	0.5	691
14	0.5	12	0.6	1268
14	0.5	12	0.7	33
14	0.5	13	0.4	15
14	0.5	13	0.5	991
14	0.5	13	0.6	1460
14	0.5	13	0.7	3
14	0.5	14	0.4	10
14	0.5	14	0.5	1113
14	0.5	14	0.6	984
14	0.5	14	0.7	7
14	0.5	14	0.8	12
14	0.5	15	0.4	4
14	0.5	15	0.5	127
14	0.5	15	0.6	94
14	0.5	15	0.7	13
14	0.5	15	0.8	60
14	0.5	16	0.4	3
14	0.5	16	0.5	12
14	0.5	16	0.6	8
14	0.5	16	0.7	5
14	0.5	16	0.8	9
14	0.5	17	0.8	1
14	0.6	3	0.6	6
14	0.6	4	0.6	2
14	0.6	5	0.6	11
14	0.6	6	0.6	42
14	0.6	6	0.7	1
14	0.6	7	0.5	2
14	0.6	7	0.6	164
14	0.6	7	0.7	53
14	0.6	8	0.5	7
14	0.6	8	0.6	158
14	0.6	8	0.7	47
14	0.6	9	0.5	8
14	0.6	9	0.6	275
14	0.6	9	0.7	57
14	0.6	10	0.5	19
14	0.6	10	0.6	572
14	0.6	10	0.7	133
14	0.6	11	0.5	24
14	0.6	11	0.6	1217
14	0.6	11	0.7	402
14	0.6	12	0.5	57
14	0.6	12	0.6	1780
14	0.6	12	0.7	698
14	0.6	13	0.5	67
14	0.6	13	0.6	2546
14	0.6	13	0.7	706
14	0.6	14	0.5	128
14	0.6	14	0.6	2345
14	0.6	14	0.7	296
14	0.6	15	0.5	70
14	0.6	15	0.6	705
14	0.6	15	0.7	24
14	0.6	16	0.5	26
14	0.6	16	0.6	116
14	0.6	17	0.5	17
14	0.6	17	0.6	11
14	0.6	18	0.4	1
14	0.6	18	0.5	2
14	0.6	18	0.6	3
14	0.6	19	0.5	2
14	0.7	10	0.5	2
14	0.7	10	0.6	23
14	0.7	10	0.7	3
14	0.7	11	0.5	5
14	0.7	11	0.6	73
14	0.7	11	0.7	61
14	0.7	12	0.6	143
14	0.7	12	0.7	359
14	0.7	12	0.8	3
14	0.7	13	0.5	1
14	0.7	13	0.6	157
14	0.7	13	0.7	907
14	0.7	13	0.8	42
14	0.7	13	0.9	1
14	0.7	14	0.5	2
14	0.7	14	0.6	125
14	0.7	14	0.7	2245
14	0.7	14	0.8	786
14	0.7	14	0.9	2
14	0.7	15	0.5	8
14	0.7	15	0.6	119
14	0.7	15	0.7	3340
14	0.7	15	0.8	1770
14	0.7	15	0.9	1
14	0.7	16	0.5	3
14	0.7	16	0.6	93
14	0.7	16	0.7	1574
14	0.7	16	0.8	416
14	0.7	17	0.5	3
14	0.7	17	0.6	76
14	0.7	17	0.7	351
14	0.7	17	0.8	17
14	0.7	18	0.5	1
14	0.7	18	0.6	30
14	0.7	18	0.7	37
14	0.7	19	0.6	13
14	0.7	19	0.7	6
14	0.7	20	0.6	1
14	0.7	20	0.7	1
14	0.8	12	0.7	3
14	0.8	12	0.8	12
14	0.8	13	0.7	2
14	0.8	13	0.8	152
14	0.8	14	0.7	11
14	0.8	14	0.8	2426
14	0.8	14	0.9	45
14	0.8	15	0.7	144
14	0.8	15	0.8	9125
14	0.8	15	0.9	36
14	0.8	16	0.7	141
14	0.8	16	0.8	691
14	0.8	17	0.7	7
14	0.8	17	0.8	5
14	0.9	12	0.8	7
14	0.9	13	0.8	157
14	0.9	13	0.9	1
14	0.9	14	0.7	12
14	0.9	14	0.8	2398
14	0.9	14	0.9	195
14	0.9	15	0.7	149
14	0.9	15	0.8	9011
14	0.9	15	0.9	33
14	0.9	16	0.7	130
14	0.9	16	0.8	677
14	0.9	17	0.7	22
14	0.9	17	0.8	8
15	0.1	3	0.1	2
15	0.1	3	0.2	7
15	0.1	4	0.1	20
15	0.1	4	0.2	17
15	0.1	5	0.1	3
15	0.1	5	0.2	17
15	0.1	6	0.1	6
15	0.1	6	0.2	26
15	0.1	6	0.3	1
15	0.1	7	0.1	12
15	0.1	7	0.2	38
15	0.1	7	0.3	28
15	0.1	7	0.4	1
15	0.1	8	0.1	36
15	0.1	8	0.2	78
15	0.1	8	0.3	30
15	0.1	9	0.1	33
15	0.1	9	0.2	83
15	0.1	9	0.3	13
15	0.1	10	0.1	69
15	0.1	10	0.2	66
15	0.1	10	0.3	3
15	0.1	11	0.1	160
15	0.1	11	0.2	125
15	0.1	11	0.3	7
15	0.1	12	0.1	329
15	0.1	12	0.2	223
15	0.1	12	0.3	8
15	0.1	13	0.1	391
15	0.1	13	0.2	355
15	0.1	13	0.3	15
15	0.1	14	0.1	685
15	0.1	14	0.2	470
15	0.1	14	0.3	25
15	0.1	15	0.1	1300
15	0.1	15	0.2	529
15	0.1	15	0.3	27
15	0.1	15	0.4	1
15	0.1	16	0.1	1082
15	0.1	16	0.2	516
15	0.1	16	0.3	38
15	0.1	17	0.1	987
15	0.1	17	0.2	458
15	0.1	17	0.3	22
15	0.1	18	0.1	800
15	0.1	18	0.2	352
15	0.1	18	0.3	23
15	0.1	19	0.1	643
15	0.1	19	0.2	311
15	0.1	19	0.3	10
15	0.1	20	0.1	538
15	0.1	20	0.2	212
15	0.1	20	0.3	8
15	0.1	21	0	1
15	0.1	21	0.1	516
15	0.1	21	0.2	123
15	0.1	22	0	1
15	0.1	22	0.1	341
15	0.1	22	0.2	80
15	0.1	23	0.1	159
15	0.1	23	0.2	52
15	0.1	24	0.1	115
15	0.1	24	0.2	28
15	0.1	25	0.1	58
15	0.1	25	0.2	4
15	0.1	26	0	1
15	0.1	26	0.1	24
15	0.1	26	0.2	1
15	0.1	27	0	9
15	0.1	27	0.1	26
15	0.1	28	0	5
15	0.1	28	0.1	7
15	0.1	29	0	1
15	0.1	29	0.1	2
15	0.1	30	0	1
15	0.1	30	0.1	6
15	0.5	3	0.6	1
15	0.5	4	0.5	32
15	0.5	4	0.6	28
15	0.5	5	0.5	47
15	0.5	5	0.6	31
15	0.5	6	0.4	3
15	0.5	6	0.5	52
15	0.5	6	0.6	78
15	0.5	6	0.7	2
15	0.5	7	0.4	15
15	0.5	7	0.5	62
15	0.5	7	0.6	180
15	0.5	7	0.7	35
15	0.5	8	0.4	29
15	0.5	8	0.5	70
15	0.5	8	0.6	266
15	0.5	8	0.7	59
15	0.5	9	0.4	51
15	0.5	9	0.5	140
15	0.5	9	0.6	322
15	0.5	9	0.7	45
15	0.5	10	0.4	34
15	0.5	10	0.5	218
15	0.5	10	0.6	834
15	0.5	10	0.7	132
15	0.5	11	0.4	50
15	0.5	11	0.5	342
15	0.5	11	0.6	1095
15	0.5	11	0.7	108
15	0.5	12	0.4	54
15	0.5	12	0.5	665
15	0.5	12	0.6	1063
15	0.5	12	0.7	71
15	0.5	13	0.4	73
15	0.5	13	0.5	927
15	0.5	13	0.6	1219
15	0.5	13	0.7	54
15	0.5	14	0.4	100
15	0.5	14	0.5	1237
15	0.5	14	0.6	1289
15	0.5	14	0.7	38
15	0.5	15	0.4	77
15	0.5	15	0.5	751
15	0.5	15	0.6	496
15	0.5	15	0.7	13
15	0.5	16	0.4	30
15	0.5	16	0.5	114
15	0.5	16	0.6	137
15	0.5	16	0.7	3
15	0.5	17	0.4	3
15	0.5	17	0.5	15
15	0.5	17	0.6	10
15	0.6	4	0.5	3
15	0.6	4	0.6	3
15	0.6	5	0.5	9
15	0.6	5	0.6	1
15	0.6	6	0.5	6
15	0.6	6	0.6	28
15	0.6	7	0.5	3
15	0.6	7	0.6	55
15	0.6	7	0.7	7
15	0.6	8	0.5	12
15	0.6	8	0.6	112
15	0.6	8	0.7	8
15	0.6	9	0.5	14
15	0.6	9	0.6	211
15	0.6	9	0.7	44
15	0.6	10	0.5	32
15	0.6	10	0.6	445
15	0.6	10	0.7	123
15	0.6	11	0.5	35
15	0.6	11	0.6	804
15	0.6	11	0.7	282
15	0.6	12	0.5	68
15	0.6	12	0.6	1391
15	0.6	12	0.7	496
15	0.6	13	0.5	125
15	0.6	13	0.6	2539
15	0.6	13	0.7	649
15	0.6	13	0.8	1
15	0.6	14	0.5	115
15	0.6	14	0.6	2746
15	0.6	14	0.7	301
15	0.6	14	0.8	4
15	0.6	15	0.4	1
15	0.6	15	0.5	113
15	0.6	15	0.6	1523
15	0.6	15	0.7	49
15	0.6	15	0.8	8
15	0.6	16	0.5	39
15	0.6	16	0.6	303
15	0.6	16	0.7	7
15	0.6	16	0.8	4
15	0.6	17	0.5	12
15	0.6	17	0.6	36
15	0.6	17	0.7	1
15	0.6	18	0.5	4
15	0.6	18	0.6	20
15	0.6	19	0.5	4
15	0.6	19	0.6	3
15	0.6	20	0.5	1
15	0.7	11	0.7	1
15	0.7	12	0.6	12
15	0.7	12	0.7	17
15	0.7	12	0.8	13
15	0.7	13	0.6	3
15	0.7	13	0.7	69
15	0.7	13	0.8	124
15	0.7	13	0.9	3
15	0.7	14	0.6	8
15	0.7	14	0.7	348
15	0.7	14	0.8	2160
15	0.7	14	0.9	20
15	0.7	15	0.6	17
15	0.7	15	0.7	1455
15	0.7	15	0.8	7228
15	0.7	15	0.9	21
15	0.7	16	0.6	26
15	0.7	16	0.7	476
15	0.7	16	0.8	751
15	0.7	17	0.6	7
15	0.7	17	0.7	36
15	0.7	17	0.8	5
15	0.8	12	0.8	10
15	0.8	13	0.7	10
15	0.8	13	0.8	155
15	0.8	13	0.9	1
15	0.8	14	0.7	33
15	0.8	14	0.8	1932
15	0.8	14	0.9	48
15	0.8	15	0.7	260
15	0.8	15	0.8	9071
15	0.8	15	0.9	20
15	0.8	16	0.6	4
15	0.8	16	0.7	262
15	0.8	16	0.8	957
15	0.8	17	0.7	31
15	0.8	17	0.8	6
15	0.9	11	0.8	3
15	0.9	12	0.7	2
15	0.9	12	0.8	33
15	0.9	13	0.7	4
15	0.9	13	0.8	147
15	0.9	13	0.9	4
15	0.9	14	0.7	19
15	0.9	14	0.8	2288
15	0.9	14	0.9	36
15	0.9	15	0.7	135
15	0.9	15	0.8	9178
15	0.9	15	0.9	159
15	0.9	16	0.7	114
15	0.9	16	0.8	653
15	0.9	17	0.7	16
15	0.9	17	0.8	9
16	0.1	3	0.2	42
16	0.1	4	0.2	11
16	0.1	5	0.1	8
16	0.1	5	0.2	6
16	0.1	6	0.1	5
16	0.1	6	0.2	34
16	0.1	7	0.1	7
16	0.1	7	0.2	14
16	0.1	8	0.1	30
16	0.1	8	0.2	20
16	0.1	8	0.3	4
16	0.1	8	0.4	1
16	0.1	9	0.1	35
16	0.1	9	0.2	42
16	0.1	9	0.3	4
16	0.1	10	0.1	37
16	0.1	10	0.2	72
16	0.1	10	0.3	7
16	0.1	10	0.4	1
16	0.1	11	0.1	65
16	0.1	11	0.2	163
16	0.1	11	0.3	11
16	0.1	11	0.4	1
16	0.1	12	0.1	111
16	0.1	12	0.2	233
16	0.1	12	0.3	15
16	0.1	12	0.4	4
16	0.1	13	0.1	244
16	0.1	13	0.2	228
16	0.1	13	0.3	25
16	0.1	13	0.4	9
16	0.1	13	0.5	2
16	0.1	14	0.1	465
16	0.1	14	0.2	316
16	0.1	14	0.3	33
16	0.1	14	0.4	6
16	0.1	14	0.5	7
16	0.1	15	0.1	789
16	0.1	15	0.2	413
16	0.1	15	0.3	38
16	0.1	15	0.4	4
16	0.1	16	0.1	1311
16	0.1	16	0.2	496
16	0.1	16	0.3	8
16	0.1	17	0.1	1237
16	0.1	17	0.2	531
16	0.1	17	0.3	20
16	0.1	17	0.4	1
16	0.1	17	0.5	2
16	0.1	17	0.6	1
16	0.1	18	0	1
16	0.1	18	0.1	918
16	0.1	18	0.2	393
16	0.1	18	0.3	46
16	0.1	18	0.4	3
16	0.1	18	0.5	13
16	0.1	18	0.6	2
16	0.1	19	0.1	844
16	0.1	19	0.2	260
16	0.1	19	0.3	16
16	0.1	19	0.4	3
16	0.1	19	0.5	7
16	0.1	20	0.1	747
16	0.1	20	0.2	211
16	0.1	20	0.3	17
16	0.1	20	0.4	6
16	0.1	20	0.5	6
16	0.1	21	0.1	562
16	0.1	21	0.2	152
16	0.1	21	0.3	6
16	0.1	22	0.1	363
16	0.1	22	0.2	135
16	0.1	22	0.3	5
16	0.1	23	0	1
16	0.1	23	0.1	296
16	0.1	23	0.2	62
16	0.1	23	0.3	2
16	0.1	24	0.1	198
16	0.1	24	0.2	26
16	0.1	25	0.1	122
16	0.1	25	0.2	11
16	0.1	26	0	1
16	0.1	26	0.1	83
16	0.1	26	0.2	4
16	0.1	27	0.1	55
16	0.1	28	0.1	24
16	0.1	29	0	4
16	0.1	29	0.1	24
16	0.1	30	0	1
16	0.1	30	0.1	1
16	0.5	3	0.4	21
16	0.5	3	0.5	6
16	0.5	4	0.4	18
16	0.5	4	0.5	7
16	0.5	5	0.4	14
16	0.5	5	0.5	17
16	0.5	6	0.4	6
16	0.5	6	0.5	11
16	0.5	6	0.6	3
16	0.5	7	0.4	12
16	0.5	7	0.5	39
16	0.5	7	0.6	38
16	0.5	7	0.7	4
16	0.5	8	0.4	11
16	0.5	8	0.5	88
16	0.5	8	0.6	65
16	0.5	8	0.7	10
16	0.5	9	0.4	11
16	0.5	9	0.5	178
16	0.5	9	0.6	131
16	0.5	9	0.7	9
16	0.5	10	0.4	32
16	0.5	10	0.5	337
16	0.5	10	0.6	279
16	0.5	10	0.7	20
16	0.5	11	0.4	40
16	0.5	11	0.5	613
16	0.5	11	0.6	484
16	0.5	11	0.7	36
16	0.5	12	0.4	50
16	0.5	12	0.5	820
16	0.5	12	0.6	553
16	0.5	12	0.7	71
16	0.5	13	0.4	82
16	0.5	13	0.5	1060
16	0.5	13	0.6	868
16	0.5	13	0.7	105
16	0.5	14	0.4	78
16	0.5	14	0.5	1210
16	0.5	14	0.6	1025
16	0.5	14	0.7	66
16	0.5	14	0.8	3
16	0.5	14	0.9	1
16	0.5	15	0.4	91
16	0.5	15	0.5	1216
16	0.5	15	0.6	918
16	0.5	15	0.7	26
16	0.5	15	0.8	27
16	0.5	16	0.4	76
16	0.5	16	0.5	881
16	0.5	16	0.6	473
16	0.5	16	0.7	12
16	0.5	16	0.8	2
16	0.5	17	0.4	40
16	0.5	17	0.5	253
16	0.5	17	0.6	159
16	0.5	18	0.4	11
16	0.5	18	0.5	39
16	0.5	18	0.6	37
16	0.5	19	0.4	1
16	0.5	19	0.5	5
16	0.5	19	0.6	1
16	0.6	4	0.5	1
16	0.6	4	0.6	2
16	0.6	5	0.5	3
16	0.6	5	0.6	15
16	0.6	6	0.5	8
16	0.6	6	0.6	18
16	0.6	6	0.7	1
16	0.6	7	0.5	7
16	0.6	7	0.6	39
16	0.6	7	0.7	2
16	0.6	8	0.5	7
16	0.6	8	0.6	113
16	0.6	8	0.7	4
16	0.6	9	0.5	9
16	0.6	9	0.6	173
16	0.6	9	0.7	16
16	0.6	10	0.5	21
16	0.6	10	0.6	236
16	0.6	10	0.7	42
16	0.6	11	0.5	16
16	0.6	11	0.6	407
16	0.6	11	0.7	91
16	0.6	12	0.4	1
16	0.6	12	0.5	49
16	0.6	12	0.6	770
16	0.6	12	0.7	242
16	0.6	13	0.5	111
16	0.6	13	0.6	1378
16	0.6	13	0.7	316
16	0.6	14	0.4	1
16	0.6	14	0.5	214
16	0.6	14	0.6	1949
16	0.6	14	0.7	269
16	0.6	14	0.8	10
16	0.6	15	0.4	1
16	0.6	15	0.5	376
16	0.6	15	0.6	2146
16	0.6	15	0.7	161
16	0.6	15	0.8	53
16	0.6	16	0.4	1
16	0.6	16	0.5	466
16	0.6	16	0.6	1658
16	0.6	16	0.7	76
16	0.6	16	0.8	11
16	0.6	17	0.4	8
16	0.6	17	0.5	340
16	0.6	17	0.6	579
16	0.6	17	0.7	30
16	0.6	18	0.4	1
16	0.6	18	0.5	95
16	0.6	18	0.6	178
16	0.6	18	0.7	7
16	0.6	19	0.4	2
16	0.6	19	0.5	15
16	0.6	19	0.6	47
16	0.6	20	0.5	3
16	0.6	20	0.6	5
16	0.7	11	0.7	1
16	0.7	11	0.8	4
16	0.7	12	0.7	8
16	0.7	12	0.8	21
16	0.7	13	0.7	12
16	0.7	13	0.8	151
16	0.7	13	0.9	2
16	0.7	14	0.7	39
16	0.7	14	0.8	1967
16	0.7	14	0.9	37
16	0.7	15	0.6	2
16	0.7	15	0.7	350
16	0.7	15	0.8	8473
16	0.7	15	0.9	18
16	0.7	16	0.6	8
16	0.7	16	0.7	554
16	0.7	16	0.8	1014
16	0.7	17	0.6	2
16	0.7	17	0.7	106
16	0.7	17	0.8	24
16	0.7	18	0.7	7
16	0.8	9	0.7	3
16	0.8	9	0.8	2
16	0.8	10	0.7	12
16	0.8	10	0.8	1
16	0.8	11	0.7	2
16	0.8	12	0.7	10
16	0.8	12	0.8	6
16	0.8	13	0.6	6
16	0.8	13	0.7	24
16	0.8	13	0.8	119
16	0.8	13	0.9	2
16	0.8	14	0.6	7
16	0.8	14	0.7	45
16	0.8	14	0.8	2145
16	0.8	14	0.9	56
16	0.8	15	0.6	1
16	0.8	15	0.7	236
16	0.8	15	0.8	8605
16	0.8	15	0.9	25
16	0.8	16	0.7	283
16	0.8	16	0.8	1102
16	0.8	17	0.6	1
16	0.8	17	0.7	81
16	0.8	17	0.8	23
16	0.8	18	0.7	3
17	0.1	3	0.2	39
17	0.1	4	0.2	9
17	0.1	5	0.1	4
17	0.1	5	0.2	16
17	0.1	6	0.1	11
17	0.1	6	0.2	14
17	0.1	7	0.1	12
17	0.1	7	0.2	12
17	0.1	7	0.3	2
17	0.1	8	0.1	8
17	0.1	8	0.2	33
17	0.1	8	0.3	8
17	0.1	8	0.4	1
17	0.1	9	0.1	13
17	0.1	9	0.2	38
17	0.1	9	0.3	9
17	0.1	10	0.1	30
17	0.1	10	0.2	40
17	0.1	10	0.3	10
17	0.1	11	0.1	42
17	0.1	11	0.2	62
17	0.1	11	0.3	4
17	0.1	12	0.1	92
17	0.1	12	0.2	80
17	0.1	12	0.3	9
17	0.1	13	0.1	129
17	0.1	13	0.2	118
17	0.1	13	0.3	20
17	0.1	14	0.1	221
17	0.1	14	0.2	199
17	0.1	14	0.3	18
17	0.1	15	0.1	485
17	0.1	15	0.2	255
17	0.1	15	0.3	35
17	0.1	15	0.4	3
17	0.1	16	0	1
17	0.1	16	0.1	822
17	0.1	16	0.2	392
17	0.1	16	0.3	54
17	0.1	16	0.4	1
17	0.1	17	0.1	1216
17	0.1	17	0.2	368
17	0.1	17	0.3	47
17	0.1	17	0.4	3
17	0.1	18	0.1	1174
17	0.1	18	0.2	438
17	0.1	18	0.3	49
17	0.1	18	0.4	1
17	0.1	19	0	2
17	0.1	19	0.1	1082
17	0.1	19	0.2	374
17	0.1	19	0.3	40
17	0.1	19	0.4	12
17	0.1	20	0	4
17	0.1	20	0.1	1000
17	0.1	20	0.2	308
17	0.1	20	0.3	55
17	0.1	20	0.4	19
17	0.1	21	0.1	790
17	0.1	21	0.2	223
17	0.1	21	0.3	43
17	0.1	21	0.4	3
17	0.1	22	0	4
17	0.1	22	0.1	504
17	0.1	22	0.2	138
17	0.1	22	0.3	18
17	0.1	23	0	3
17	0.1	23	0.1	437
17	0.1	23	0.2	82
17	0.1	23	0.3	3
17	0.1	24	0	10
17	0.1	24	0.1	313
17	0.1	24	0.2	63
17	0.1	25	0	5
17	0.1	25	0.1	223
17	0.1	25	0.2	39
17	0.1	26	0	5
17	0.1	26	0.1	116
17	0.1	26	0.2	25
17	0.1	27	0	4
17	0.1	27	0.1	115
17	0.1	27	0.2	7
17	0.1	28	0	8
17	0.1	28	0.1	49
17	0.1	29	0	16
17	0.1	29	0.1	7
17	0.1	30	0	4
17	0.5	5	0.5	1
17	0.5	6	0.5	4
17	0.5	6	0.6	1
17	0.5	7	0.4	5
17	0.5	7	0.5	16
17	0.5	7	0.6	25
17	0.5	8	0.4	1
17	0.5	8	0.5	16
17	0.5	8	0.6	53
17	0.5	8	0.7	1
17	0.5	9	0.4	1
17	0.5	9	0.5	45
17	0.5	9	0.6	80
17	0.5	9	0.7	13
17	0.5	10	0.5	41
17	0.5	10	0.6	120
17	0.5	10	0.7	16
17	0.5	11	0.4	1
17	0.5	11	0.5	30
17	0.5	11	0.6	276
17	0.5	11	0.7	52
17	0.5	12	0.4	1
17	0.5	12	0.5	58
17	0.5	12	0.6	550
17	0.5	12	0.7	156
17	0.5	13	0.4	2
17	0.5	13	0.5	131
17	0.5	13	0.6	1273
17	0.5	13	0.7	273
17	0.5	14	0.4	4
17	0.5	14	0.5	220
17	0.5	14	0.6	1782
17	0.5	14	0.7	144
17	0.5	15	0.4	3
17	0.5	15	0.5	339
17	0.5	15	0.6	2026
17	0.5	15	0.7	99
17	0.5	16	0.5	524
17	0.5	16	0.6	2107
17	0.5	16	0.7	46
17	0.5	16	0.8	2
17	0.5	17	0.4	8
17	0.5	17	0.5	789
17	0.5	17	0.6	1045
17	0.5	17	0.7	3
17	0.5	18	0.4	4
17	0.5	18	0.5	168
17	0.5	18	0.6	155
17	0.5	19	0.4	1
17	0.5	19	0.5	50
17	0.5	19	0.6	28
17	0.5	20	0.5	11
17	0.6	3	0.5	12
17	0.6	3	0.6	4
17	0.6	4	0.5	10
17	0.6	4	0.6	2
17	0.6	5	0.5	12
17	0.6	5	0.6	7
17	0.6	6	0.5	8
17	0.6	6	0.6	5
17	0.6	7	0.5	5
17	0.6	7	0.6	5
17	0.6	8	0.5	7
17	0.6	8	0.6	13
17	0.6	9	0.5	11
17	0.6	9	0.6	22
17	0.6	10	0.5	17
17	0.6	10	0.6	67
17	0.6	10	0.7	10
17	0.6	11	0.5	34
17	0.6	11	0.6	228
17	0.6	11	0.7	29
17	0.6	12	0.5	59
17	0.6	12	0.6	419
17	0.6	12	0.7	67
17	0.6	13	0.5	73
17	0.6	13	0.6	791
17	0.6	13	0.7	120
17	0.6	14	0.5	179
17	0.6	14	0.6	1438
17	0.6	14	0.7	102
17	0.6	15	0.5	326
17	0.6	15	0.6	2559
17	0.6	15	0.7	139
17	0.6	16	0.5	333
17	0.6	16	0.6	3190
17	0.6	16	0.7	103
17	0.6	17	0.4	3
17	0.6	17	0.5	327
17	0.6	17	0.6	1588
17	0.6	17	0.7	9
17	0.6	18	0.4	2
17	0.6	18	0.5	149
17	0.6	18	0.6	253
17	0.6	19	0.4	3
17	0.6	19	0.5	38
17	0.6	19	0.6	20
17	0.6	20	0.5	2
17	0.7	10	0.6	1
17	0.7	10	0.7	2
17	0.7	11	0.6	11
17	0.7	11	0.7	20
17	0.7	11	0.8	1
17	0.7	12	0.6	28
17	0.7	12	0.7	96
17	0.7	12	0.8	3
17	0.7	13	0.6	42
17	0.7	13	0.7	272
17	0.7	13	0.8	75
17	0.7	13	0.9	1
17	0.7	14	0.6	56
17	0.7	14	0.7	734
17	0.7	14	0.8	770
17	0.7	14	0.9	17
17	0.7	15	0.5	3
17	0.7	15	0.6	48
17	0.7	15	0.7	1755
17	0.7	15	0.8	3506
17	0.7	15	0.9	8
17	0.7	16	0.6	80
17	0.7	16	0.7	2194
17	0.7	16	0.8	1330
17	0.7	17	0.5	1
17	0.7	17	0.6	130
17	0.7	17	0.7	1211
17	0.7	17	0.8	160
17	0.7	18	0.6	48
17	0.7	18	0.7	171
17	0.7	18	0.8	3
17	0.7	19	0.6	14
17	0.7	19	0.7	7
17	0.7	20	0.6	2
17	0.8	12	0.7	6
17	0.8	12	0.8	3
17	0.8	13	0.6	3
17	0.8	13	0.7	25
17	0.8	13	0.8	24
17	0.8	14	0.6	7
17	0.8	14	0.7	143
17	0.8	14	0.8	547
17	0.8	14	0.9	15
17	0.8	15	0.6	15
17	0.8	15	0.7	425
17	0.8	15	0.8	2466
17	0.8	15	0.9	11
17	0.8	16	0.6	18
17	0.8	16	0.7	777
17	0.8	16	0.8	820
17	0.8	17	0.6	22
17	0.8	17	0.7	509
17	0.8	17	0.8	150
17	0.8	18	0.6	29
17	0.8	18	0.7	175
17	0.8	19	0.6	8
17	0.8	19	0.7	2
18	0.1	6	0.2	2
18	0.1	7	0.2	12
18	0.1	8	0.1	2
18	0.1	8	0.2	11
18	0.1	8	0.3	2
18	0.1	9	0.1	8
18	0.1	9	0.2	9
18	0.1	9	0.3	1
18	0.1	10	0.1	28
18	0.1	10	0.2	33
18	0.1	11	0.1	47
18	0.1	11	0.2	49
18	0.1	11	0.3	1
18	0.1	12	0.1	65
18	0.1	12	0.2	69
18	0.1	12	0.3	4
18	0.1	12	0.4	1
18	0.1	12	0.5	1
18	0.1	13	0.1	131
18	0.1	13	0.2	124
18	0.1	13	0.3	6
18	0.1	13	0.4	2
18	0.1	13	0.5	2
18	0.1	14	0.1	236
18	0.1	14	0.2	179
18	0.1	14	0.3	5
18	0.1	14	0.4	1
18	0.1	14	0.5	6
18	0.1	15	0.1	396
18	0.1	15	0.2	241
18	0.1	15	0.5	2
18	0.1	15	0.6	1
18	0.1	16	0.1	610
18	0.1	16	0.2	247
18	0.1	16	0.3	6
18	0.1	16	0.4	1
18	0.1	16	0.5	5
18	0.1	17	0.1	910
18	0.1	17	0.2	367
18	0.1	17	0.3	8
18	0.1	17	0.4	3
18	0.1	17	0.5	2
18	0.1	18	0.1	1360
18	0.1	18	0.2	495
18	0.1	18	0.3	27
18	0.1	18	0.4	14
18	0.1	19	0	1
18	0.1	19	0.1	1242
18	0.1	19	0.2	419
18	0.1	19	0.3	30
18	0.1	19	0.4	4
18	0.1	19	0.5	2
18	0.1	20	0	2
18	0.1	20	0.1	1171
18	0.1	20	0.2	367
18	0.1	20	0.3	29
18	0.1	20	0.4	3
18	0.1	21	0	4
18	0.1	21	0.1	871
18	0.1	21	0.2	328
18	0.1	21	0.3	21
18	0.1	22	0.1	642
18	0.1	22	0.2	161
18	0.1	22	0.3	15
18	0.1	23	0	11
18	0.1	23	0.1	552
18	0.1	23	0.2	81
18	0.1	23	0.3	12
18	0.1	24	0	12
18	0.1	24	0.1	435
18	0.1	24	0.2	72
18	0.1	24	0.3	2
18	0.1	25	0	25
18	0.1	25	0.1	260
18	0.1	25	0.2	30
18	0.1	26	0	5
18	0.1	26	0.1	130
18	0.1	26	0.2	4
18	0.1	27	0	3
18	0.1	27	0.1	68
18	0.1	28	0	8
18	0.1	28	0.1	32
18	0.1	29	0	3
18	0.1	29	0.1	10
18	0.1	30	0.1	1
18	0.5	4	0.5	14
18	0.5	4	0.6	3
18	0.5	5	0.5	12
18	0.5	5	0.6	10
18	0.5	6	0.5	3
18	0.5	6	0.6	9
18	0.5	7	0.5	1
18	0.5	7	0.6	15
18	0.5	7	0.7	1
18	0.5	8	0.5	1
18	0.5	8	0.6	31
18	0.5	8	0.7	2
18	0.5	9	0.5	3
18	0.5	9	0.6	76
18	0.5	9	0.7	14
18	0.5	10	0.5	14
18	0.5	10	0.6	158
18	0.5	10	0.7	36
18	0.5	11	0.4	1
18	0.5	11	0.5	45
18	0.5	11	0.6	319
18	0.5	11	0.7	91
18	0.5	12	0.5	104
18	0.5	12	0.6	623
18	0.5	12	0.7	181
18	0.5	13	0.4	2
18	0.5	13	0.5	114
18	0.5	13	0.6	859
18	0.5	13	0.7	168
18	0.5	14	0.4	4
18	0.5	14	0.5	235
18	0.5	14	0.6	1282
18	0.5	14	0.7	134
18	0.5	14	0.8	12
18	0.5	15	0.4	8
18	0.5	15	0.5	354
18	0.5	15	0.6	1519
18	0.5	15	0.7	72
18	0.5	15	0.8	43
18	0.5	16	0.4	6
18	0.5	16	0.5	401
18	0.5	16	0.6	1452
18	0.5	16	0.7	47
18	0.5	16	0.8	9
18	0.5	17	0.4	13
18	0.5	17	0.5	740
18	0.5	17	0.6	1010
18	0.5	17	0.7	8
18	0.5	18	0.4	38
18	0.5	18	0.5	1027
18	0.5	18	0.6	462
18	0.5	18	0.7	6
18	0.5	19	0.4	52
18	0.5	19	0.5	495
18	0.5	19	0.6	203
18	0.5	20	0.4	20
18	0.5	20	0.5	161
18	0.5	20	0.6	41
18	0.5	21	0.4	2
18	0.5	21	0.5	29
18	0.5	21	0.6	3
18	0.5	22	0.4	1
18	0.5	22	0.5	1
18	0.6	8	0.5	4
18	0.6	8	0.6	3
18	0.6	9	0.6	7
18	0.6	9	0.7	3
18	0.6	10	0.5	2
18	0.6	10	0.6	26
18	0.6	10	0.7	6
18	0.6	11	0.5	8
18	0.6	11	0.6	70
18	0.6	11	0.7	16
18	0.6	12	0.5	14
18	0.6	12	0.6	186
18	0.6	12	0.7	21
18	0.6	13	0.5	33
18	0.6	13	0.6	262
18	0.6	13	0.7	50
18	0.6	14	0.4	1
18	0.6	14	0.5	59
18	0.6	14	0.6	563
18	0.6	14	0.7	52
18	0.6	14	0.8	9
18	0.6	15	0.4	3
18	0.6	15	0.5	122
18	0.6	15	0.6	905
18	0.6	15	0.7	53
18	0.6	15	0.8	40
18	0.6	16	0.4	9
18	0.6	16	0.5	188
18	0.6	16	0.6	1039
18	0.6	16	0.7	48
18	0.6	17	0.4	12
18	0.6	17	0.5	266
18	0.6	17	0.6	669
18	0.6	17	0.7	26
18	0.6	18	0.4	5
18	0.6	18	0.5	394
18	0.6	18	0.6	557
18	0.6	18	0.7	12
18	0.6	19	0.4	13
18	0.6	19	0.5	542
18	0.6	19	0.6	310
18	0.6	19	0.7	4
18	0.6	20	0.4	25
18	0.6	20	0.5	265
18	0.6	20	0.6	89
18	0.6	21	0.4	7
18	0.6	21	0.5	81
18	0.6	21	0.6	2
18	0.6	22	0.4	9
18	0.6	22	0.5	9
18	0.6	23	0.4	1
18	0.7	11	0.8	1
18	0.7	12	0.6	2
18	0.7	12	0.7	1
18	0.7	12	0.8	10
18	0.7	13	0.6	4
18	0.7	13	0.7	27
18	0.7	13	0.8	43
18	0.7	13	0.9	1
18	0.7	14	0.6	3
18	0.7	14	0.7	121
18	0.7	14	0.8	577
18	0.7	14	0.9	17
18	0.7	15	0.6	1
18	0.7	15	0.7	366
18	0.7	15	0.8	2709
18	0.7	15	0.9	9
18	0.7	16	0.6	14
18	0.7	16	0.7	821
18	0.7	16	0.8	948
18	0.7	17	0.6	19
18	0.7	17	0.7	529
18	0.7	17	0.8	138
18	0.7	18	0.6	40
18	0.7	18	0.7	171
18	0.7	18	0.8	1
18	0.7	19	0.6	24
18	0.7	19	0.7	3
19	0.1	3	0.1	1
19	0.1	3	0.2	2
19	0.1	4	0.1	4
19	0.1	4	0.2	10
19	0.1	5	0.1	3
19	0.1	6	0.1	5
19	0.1	6	0.2	5
19	0.1	7	0.1	15
19	0.1	7	0.2	10
19	0.1	8	0.1	20
19	0.1	8	0.2	8
19	0.1	9	0.1	8
19	0.1	9	0.2	3
19	0.1	10	0.1	16
19	0.1	10	0.2	33
19	0.1	11	0.1	29
19	0.1	11	0.2	46
19	0.1	11	0.3	6
19	0.1	12	0.1	49
19	0.1	12	0.2	59
19	0.1	12	0.3	15
19	0.1	13	0.1	117
19	0.1	13	0.2	90
19	0.1	13	0.3	18
19	0.1	13	0.4	2
19	0.1	14	0.1	131
19	0.1	14	0.2	140
19	0.1	14	0.3	17
19	0.1	14	0.4	5
19	0.1	15	0.1	234
19	0.1	15	0.2	168
19	0.1	15	0.3	17
19	0.1	15	0.4	1
19	0.1	16	0.1	423
19	0.1	16	0.2	214
19	0.1	16	0.3	32
19	0.1	16	0.4	3
19	0.1	17	0.1	671
19	0.1	17	0.2	315
19	0.1	17	0.3	27
19	0.1	18	0	1
19	0.1	18	0.1	1028
19	0.1	18	0.2	360
19	0.1	18	0.3	15
19	0.1	19	0.1	1449
19	0.1	19	0.2	340
19	0.1	19	0.3	23
19	0.1	20	0.1	1247
19	0.1	20	0.2	341
19	0.1	20	0.3	29
19	0.1	21	0	1
19	0.1	21	0.1	1212
19	0.1	21	0.2	285
19	0.1	21	0.3	2
19	0.1	22	0	4
19	0.1	22	0.1	893
19	0.1	22	0.2	229
19	0.1	22	0.3	3
19	0.1	23	0	4
19	0.1	23	0.1	666
19	0.1	23	0.2	188
19	0.1	23	0.3	2
19	0.1	24	0	4
19	0.1	24	0.1	476
19	0.1	24	0.2	129
19	0.1	24	0.3	5
19	0.1	25	0	6
19	0.1	25	0.1	377
19	0.1	25	0.2	28
19	0.1	25	0.3	1
19	0.1	26	0	8
19	0.1	26	0.1	244
19	0.1	26	0.2	14
19	0.1	27	0	7
19	0.1	27	0.1	110
19	0.1	27	0.2	8
19	0.1	28	0	3
19	0.1	28	0.1	51
19	0.1	29	0	3
19	0.1	29	0.1	23
19	0.1	30	0	2
19	0.1	30	0.1	6
19	0.1	31	0	1
19	0.5	8	0.6	3
19	0.5	9	0.6	8
19	0.5	9	0.7	1
19	0.5	10	0.6	11
19	0.5	10	0.7	4
19	0.5	11	0.5	3
19	0.5	11	0.6	27
19	0.5	11	0.7	17
19	0.5	12	0.5	11
19	0.5	12	0.6	91
19	0.5	12	0.7	27
19	0.5	13	0.5	16
19	0.5	13	0.6	149
19	0.5	13	0.7	62
19	0.5	13	0.8	3
19	0.5	14	0.5	45
19	0.5	14	0.6	333
19	0.5	14	0.7	85
19	0.5	14	0.8	34
19	0.5	14	0.9	1
19	0.5	15	0.5	75
19	0.5	15	0.6	560
19	0.5	15	0.7	58
19	0.5	15	0.8	107
19	0.5	16	0.4	9
19	0.5	16	0.5	148
19	0.5	16	0.6	819
19	0.5	16	0.7	55
19	0.5	16	0.8	27
19	0.5	17	0.4	17
19	0.5	17	0.5	241
19	0.5	17	0.6	604
19	0.5	17	0.7	35
19	0.5	17	0.8	1
19	0.5	18	0.4	13
19	0.5	18	0.5	395
19	0.5	18	0.6	473
19	0.5	18	0.7	28
19	0.5	19	0.4	20
19	0.5	19	0.5	462
19	0.5	19	0.6	243
19	0.5	20	0.4	12
19	0.5	20	0.5	213
19	0.5	20	0.6	66
19	0.5	21	0.4	8
19	0.5	21	0.5	60
19	0.5	21	0.6	9
19	0.5	22	0.4	1
19	0.5	22	0.5	10
19	0.6	6	0.6	2
19	0.6	7	0.5	1
19	0.6	7	0.6	9
19	0.6	8	0.5	1
19	0.6	8	0.6	18
19	0.6	8	0.7	1
19	0.6	9	0.5	2
19	0.6	9	0.6	13
19	0.6	10	0.5	3
19	0.6	10	0.6	20
19	0.6	10	0.7	2
19	0.6	11	0.5	9
19	0.6	11	0.6	26
19	0.6	11	0.7	23
19	0.6	12	0.5	33
19	0.6	12	0.6	124
19	0.6	12	0.7	33
19	0.6	13	0.4	1
19	0.6	13	0.5	37
19	0.6	13	0.6	214
19	0.6	13	0.7	103
19	0.6	13	0.8	13
19	0.6	13	0.9	1
19	0.6	14	0.4	1
19	0.6	14	0.5	59
19	0.6	14	0.6	360
19	0.6	14	0.7	178
19	0.6	14	0.8	146
19	0.6	15	0.4	1
19	0.6	15	0.5	122
19	0.6	15	0.6	540
19	0.6	15	0.7	355
19	0.6	15	0.8	764
19	0.6	15	0.9	2
19	0.6	16	0.4	4
19	0.6	16	0.5	198
19	0.6	16	0.6	803
19	0.6	16	0.7	581
19	0.6	16	0.8	266
19	0.6	17	0.5	266
19	0.6	17	0.6	1008
19	0.6	17	0.7	553
19	0.6	17	0.8	33
19	0.6	18	0.4	4
19	0.6	18	0.5	552
19	0.6	18	0.6	1617
19	0.6	18	0.7	305
19	0.6	19	0.4	29
19	0.6	19	0.5	685
19	0.6	19	0.6	1600
19	0.6	19	0.7	74
19	0.6	20	0.4	19
19	0.6	20	0.5	415
19	0.6	20	0.6	422
19	0.6	21	0.4	6
19	0.6	21	0.5	104
19	0.6	21	0.6	33
19	0.6	22	0.4	3
19	0.6	22	0.5	3
20	0.1	7	0.1	8
20	0.1	7	0.2	2
20	0.1	8	0.1	40
20	0.1	8	0.2	4
20	0.1	9	0.1	13
20	0.1	9	0.2	1
20	0.1	10	0.1	4
20	0.1	11	0.1	5
20	0.1	12	0.1	6
20	0.1	12	0.2	6
20	0.1	13	0.1	22
20	0.1	13	0.2	39
20	0.1	13	0.3	2
20	0.1	14	0.1	50
20	0.1	14	0.2	54
20	0.1	14	0.3	4
20	0.1	15	0.1	133
20	0.1	15	0.2	66
20	0.1	15	0.3	9
20	0.1	16	0.1	273
20	0.1	16	0.2	152
20	0.1	16	0.3	23
20	0.1	16	0.4	3
20	0.1	17	0.1	403
20	0.1	17	0.2	154
20	0.1	17	0.3	35
20	0.1	17	0.4	11
20	0.1	18	0.1	554
20	0.1	18	0.2	235
20	0.1	18	0.3	40
20	0.1	18	0.4	13
20	0.1	18	0.5	2
20	0.1	19	0.1	973
20	0.1	19	0.2	236
20	0.1	19	0.3	32
20	0.1	19	0.4	15
20	0.1	20	0	2
20	0.1	20	0.1	1487
20	0.1	20	0.2	310
20	0.1	20	0.3	32
20	0.1	21	0.1	1398
20	0.1	21	0.2	306
20	0.1	21	0.3	28
20	0.1	22	0	3
20	0.1	22	0.1	1244
20	0.1	22	0.2	324
20	0.1	22	0.3	15
20	0.1	23	0	5
20	0.1	23	0.1	1048
20	0.1	23	0.2	268
20	0.1	23	0.3	21
20	0.1	24	0	6
20	0.1	24	0.1	867
20	0.1	24	0.2	125
20	0.1	24	0.3	17
20	0.1	25	0	18
20	0.1	25	0.1	562
20	0.1	25	0.2	58
20	0.1	26	0	40
20	0.1	26	0.1	465
20	0.1	26	0.2	20
20	0.1	27	0	37
20	0.1	27	0.1	212
20	0.1	27	0.2	6
20	0.1	28	0	37
20	0.1	28	0.1	123
20	0.1	29	0	25
20	0.1	29	0.1	36
20	0.1	30	0	7
20	0.1	30	0.1	12
20	0.1	31	0	7
20	0.1	31	0.1	6
20	0.1	32	0	1
21	0.1	6	0.2	2
21	0.1	7	0.2	3
21	0.1	7	0.3	2
21	0.1	8	0.3	2
21	0.1	9	0.2	3
21	0.1	9	0.3	3
21	0.1	10	0.1	1
21	0.1	10	0.2	3
21	0.1	10	0.3	1
21	0.1	11	0.1	1
21	0.1	11	0.2	9
21	0.1	12	0.1	3
21	0.1	12	0.2	4
21	0.1	13	0.1	9
21	0.1	13	0.2	20
21	0.1	13	0.3	4
21	0.1	14	0.1	60
21	0.1	14	0.2	38
21	0.1	14	0.3	14
21	0.1	15	0.1	102
21	0.1	15	0.2	80
21	0.1	15	0.3	13
21	0.1	16	0.1	185
21	0.1	16	0.2	154
21	0.1	16	0.3	14
21	0.1	17	0.1	279
21	0.1	17	0.2	232
21	0.1	17	0.3	7
21	0.1	18	0.1	438
21	0.1	18	0.2	242
21	0.1	18	0.3	27
21	0.1	18	0.4	1
21	0.1	19	0	1
21	0.1	19	0.1	612
21	0.1	19	0.2	246
21	0.1	19	0.3	19
21	0.1	20	0	2
21	0.1	20	0.1	984
21	0.1	20	0.2	346
21	0.1	20	0.3	15
21	0.1	21	0	2
21	0.1	21	0.1	1418
21	0.1	21	0.2	444
21	0.1	21	0.3	18
21	0.1	21	0.4	3
21	0.1	22	0	7
21	0.1	22	0.1	1258
21	0.1	22	0.2	409
21	0.1	22	0.3	43
21	0.1	22	0.4	9
21	0.1	23	0	5
21	0.1	23	0.1	1057
21	0.1	23	0.2	372
21	0.1	23	0.3	20
21	0.1	23	0.4	5
21	0.1	24	0	9
21	0.1	24	0.1	825
21	0.1	24	0.2	241
21	0.1	24	0.3	11
21	0.1	25	0	12
21	0.1	25	0.1	766
21	0.1	25	0.2	178
21	0.1	25	0.3	21
21	0.1	26	0	23
21	0.1	26	0.1	605
21	0.1	26	0.2	69
21	0.1	26	0.3	3
21	0.1	27	0	30
21	0.1	27	0.1	358
21	0.1	27	0.2	16
21	0.1	28	0	31
21	0.1	28	0.1	161
21	0.1	28	0.2	8
21	0.1	29	0	8
21	0.1	29	0.1	79
21	0.1	30	0	25
21	0.1	30	0.1	42
21	0.1	31	0	13
21	0.1	31	0.1	15
22	0.1	8	0.3	2
22	0.1	9	0.2	6
22	0.1	10	0.2	8
22	0.1	11	0.2	7
22	0.1	12	0.2	9
22	0.1	12	0.3	1
22	0.1	13	0.1	1
22	0.1	13	0.2	21
22	0.1	13	0.3	1
22	0.1	14	0.1	4
22	0.1	14	0.2	34
22	0.1	15	0.1	43
22	0.1	15	0.2	38
22	0.1	16	0.1	101
22	0.1	16	0.2	50
22	0.1	17	0.1	175
22	0.1	17	0.2	95
22	0.1	18	0.1	290
22	0.1	18	0.2	133
22	0.1	18	0.3	1
22	0.1	19	0.1	394
22	0.1	19	0.2	185
22	0.1	19	0.3	7
22	0.1	19	0.4	1
22	0.1	20	0.1	511
22	0.1	20	0.2	260
22	0.1	20	0.3	11
22	0.1	20	0.4	4
22	0.1	21	0	4
22	0.1	21	0.1	820
22	0.1	21	0.2	278
22	0.1	21	0.3	7
22	0.1	21	0.4	2
22	0.1	22	0	5
22	0.1	22	0.1	1369
22	0.1	22	0.2	262
22	0.1	22	0.3	10
22	0.1	22	0.4	4
22	0.1	23	0	16
22	0.1	23	0.1	1407
22	0.1	23	0.2	243
22	0.1	23	0.3	17
22	0.1	24	0	23
22	0.1	24	0.1	1591
22	0.1	24	0.2	220
22	0.1	24	0.3	14
22	0.1	25	0	39
22	0.1	25	0.1	1274
22	0.1	25	0.2	117
22	0.1	25	0.3	1
22	0.1	26	0	62
22	0.1	26	0.1	987
22	0.1	26	0.2	47
22	0.1	27	0	66
22	0.1	27	0.1	737
22	0.1	27	0.2	22
22	0.1	28	0	67
22	0.1	28	0.1	380
22	0.1	28	0.2	7
22	0.1	29	0	58
22	0.1	29	0.1	148
22	0.1	30	0	42
22	0.1	30	0.1	59
22	0.1	31	0.1	2
23	0.1	12	0.1	2
23	0.1	13	0.1	10
23	0.1	13	0.2	5
23	0.1	14	0.1	11
23	0.1	14	0.2	5
23	0.1	15	0.1	29
23	0.1	15	0.2	14
23	0.1	16	0.1	36
23	0.1	16	0.2	58
23	0.1	17	0.1	48
23	0.1	17	0.2	77
23	0.1	17	0.3	4
23	0.1	18	0.1	90
23	0.1	18	0.2	150
23	0.1	18	0.3	5
23	0.1	19	0.1	187
23	0.1	19	0.2	165
23	0.1	19	0.3	17
23	0.1	19	0.4	3
23	0.1	20	0.1	343
23	0.1	20	0.2	257
23	0.1	20	0.3	32
23	0.1	20	0.4	12
23	0.1	20	0.5	4
23	0.1	21	0	1
23	0.1	21	0.1	508
23	0.1	21	0.2	322
23	0.1	21	0.3	38
23	0.1	21	0.4	21
23	0.1	21	0.5	3
23	0.1	22	0	1
23	0.1	22	0.1	860
23	0.1	22	0.2	464
23	0.1	22	0.3	50
23	0.1	22	0.4	34
23	0.1	22	0.5	1
23	0.1	23	0	11
23	0.1	23	0.1	1541
23	0.1	23	0.2	532
23	0.1	23	0.3	56
23	0.1	23	0.4	1
23	0.1	24	0	13
23	0.1	24	0.1	1495
23	0.1	24	0.2	421
23	0.1	24	0.3	43
23	0.1	24	0.4	1
23	0.1	25	0	34
23	0.1	25	0.1	1501
23	0.1	25	0.2	327
23	0.1	25	0.3	9
23	0.1	26	0	53
23	0.1	26	0.1	1140
23	0.1	26	0.2	189
23	0.1	26	0.3	12
23	0.1	27	0	79
23	0.1	27	0.1	792
23	0.1	27	0.2	69
23	0.1	28	0	45
23	0.1	28	0.1	346
23	0.1	28	0.2	9
23	0.1	29	0	37
23	0.1	29	0.1	124
23	0.1	30	0	18
23	0.1	30	0.1	34
23	0.1	31	0	1
24	0.1	6	0.2	2
24	0.1	7	0.1	1
24	0.1	7	0.2	15
24	0.1	8	0.1	2
24	0.1	8	0.2	10
24	0.1	9	0.1	2
24	0.1	9	0.2	4
24	0.1	10	0.1	1
24	0.1	10	0.2	5
24	0.1	11	0.2	2
24	0.1	12	0.2	1
24	0.1	13	0.2	1
24	0.1	14	0.2	8
24	0.1	15	0.1	2
24	0.1	15	0.2	14
24	0.1	15	0.3	11
24	0.1	16	0.1	13
24	0.1	16	0.2	13
24	0.1	16	0.3	3
24	0.1	17	0.1	67
24	0.1	17	0.2	20
24	0.1	17	0.3	5
24	0.1	18	0.1	92
24	0.1	18	0.2	66
24	0.1	18	0.3	1
24	0.1	19	0.1	164
24	0.1	19	0.2	99
24	0.1	19	0.3	9
24	0.1	20	0.1	299
24	0.1	20	0.2	146
24	0.1	20	0.3	12
24	0.1	21	0.1	425
24	0.1	21	0.2	232
24	0.1	21	0.3	30
24	0.1	22	0	2
24	0.1	22	0.1	685
24	0.1	22	0.2	336
24	0.1	22	0.3	46
24	0.1	23	0	9
24	0.1	23	0.1	1086
24	0.1	23	0.2	413
24	0.1	23	0.3	33
24	0.1	23	0.4	2
24	0.1	24	0	19
24	0.1	24	0.1	1869
24	0.1	24	0.2	454
24	0.1	24	0.3	9
24	0.1	25	0	26
24	0.1	25	0.1	1852
24	0.1	25	0.2	342
24	0.1	25	0.3	5
24	0.1	26	0	22
24	0.1	26	0.1	1427
24	0.1	26	0.2	150
24	0.1	26	0.3	1
24	0.1	27	0	31
24	0.1	27	0.1	1022
24	0.1	27	0.2	46
24	0.1	28	0	68
24	0.1	28	0.1	556
24	0.1	28	0.2	14
24	0.1	29	0	94
24	0.1	29	0.1	255
24	0.1	29	0.2	2
24	0.1	30	0	59
24	0.1	30	0.1	65
24	0.1	31	0	20
24	0.1	32	0	3
25	0.1	14	0.1	2
25	0.1	14	0.2	1
25	0.1	15	0.1	3
25	0.1	15	0.2	9
25	0.1	16	0.1	4
25	0.1	16	0.2	15
25	0.1	17	0.1	21
25	0.1	17	0.2	10
25	0.1	18	0.1	27
25	0.1	18	0.2	11
25	0.1	19	0.1	48
25	0.1	19	0.2	32
25	0.1	20	0.1	102
25	0.1	20	0.2	65
25	0.1	20	0.3	2
25	0.1	21	0.1	212
25	0.1	21	0.2	98
25	0.1	21	0.3	2
25	0.1	22	0	1
25	0.1	22	0.1	490
25	0.1	22	0.2	127
25	0.1	22	0.3	2
25	0.1	23	0	9
25	0.1	23	0.1	883
25	0.1	23	0.2	178
25	0.1	23	0.3	24
25	0.1	23	0.4	5
25	0.1	24	0	26
25	0.1	24	0.1	1376
25	0.1	24	0.2	211
25	0.1	24	0.3	29
25	0.1	24	0.4	3
25	0.1	25	0	63
25	0.1	25	0.1	2297
25	0.1	25	0.2	318
25	0.1	25	0.3	30
25	0.1	26	0	69
25	0.1	26	0.1	1998
25	0.1	26	0.2	236
25	0.1	26	0.3	24
25	0.1	27	0	71
25	0.1	27	0.1	1409
25	0.1	27	0.2	116
25	0.1	27	0.3	2
25	0.1	28	0	90
25	0.1	28	0.1	879
25	0.1	28	0.2	43
25	0.1	29	0	197
25	0.1	29	0.1	489
25	0.1	29	0.2	6
25	0.1	30	0	139
25	0.1	30	0.1	199
25	0.1	31	0	69
25	0.1	31	0.1	13
25	0.1	32	0	15
26	0.1	13	0.2	2
26	0.1	14	0.2	2
26	0.1	15	0.2	7
26	0.1	15	0.3	1
26	0.1	16	0.1	1
26	0.1	16	0.2	9
26	0.1	16	0.3	3
26	0.1	17	0.1	19
26	0.1	17	0.2	43
26	0.1	18	0.1	27
26	0.1	18	0.2	64
26	0.1	18	0.3	4
26	0.1	19	0.1	71
26	0.1	19	0.2	54
26	0.1	19	0.3	6
26	0.1	20	0	1
26	0.1	20	0.1	90
26	0.1	20	0.2	65
26	0.1	20	0.3	10
26	0.1	21	0	2
26	0.1	21	0.1	184
26	0.1	21	0.2	116
26	0.1	21	0.3	14
26	0.1	21	0.4	1
26	0.1	22	0	1
26	0.1	22	0.1	318
26	0.1	22	0.2	135
26	0.1	22	0.3	21
26	0.1	22	0.4	1
26	0.1	23	0	9
26	0.1	23	0.1	467
26	0.1	23	0.2	141
26	0.1	23	0.3	11
26	0.1	23	0.4	1
26	0.1	24	0	34
26	0.1	24	0.1	780
26	0.1	24	0.2	185
26	0.1	24	0.3	13
26	0.1	25	0	36
26	0.1	25	0.1	1299
26	0.1	25	0.2	199
26	0.1	25	0.3	11
26	0.1	26	0	44
26	0.1	26	0.1	1955
26	0.1	26	0.2	220
26	0.1	26	0.3	2
26	0.1	27	0	91
26	0.1	27	0.1	1888
26	0.1	27	0.2	176
26	0.1	27	0.3	6
26	0.1	28	0	220
26	0.1	28	0.1	1576
26	0.1	28	0.2	64
26	0.1	29	0	456
26	0.1	29	0.1	923
26	0.1	29	0.2	9
26	0.1	30	0	328
26	0.1	30	0.1	319
26	0.1	31	0	48
26	0.1	31	0.1	17
27	0.1	14	0.2	7
27	0.1	15	0.2	7
27	0.1	16	0.1	2
27	0.1	16	0.2	10
27	0.1	17	0.1	17
27	0.1	17	0.2	15
27	0.1	18	0.1	35
27	0.1	18	0.2	13
27	0.1	19	0.1	30
27	0.1	19	0.2	21
27	0.1	20	0.1	37
27	0.1	20	0.2	22
27	0.1	20	0.3	3
27	0.1	21	0.1	82
27	0.1	21	0.2	41
27	0.1	21	0.3	4
27	0.1	22	0.1	140
27	0.1	22	0.2	42
27	0.1	22	0.3	1
27	0.1	23	0	4
27	0.1	23	0.1	188
27	0.1	23	0.2	40
27	0.1	23	0.3	7
27	0.1	24	0	1
27	0.1	24	0.1	332
27	0.1	24	0.2	71
27	0.1	24	0.3	6
27	0.1	25	0	26
27	0.1	25	0.1	765
27	0.1	25	0.2	134
27	0.1	25	0.3	5
27	0.1	26	0	52
27	0.1	26	0.1	1561
27	0.1	26	0.2	170
27	0.1	26	0.3	4
27	0.1	27	0	139
27	0.1	27	0.1	2459
27	0.1	27	0.2	159
27	0.1	28	0	309
27	0.1	28	0.1	2296
27	0.1	28	0.2	58
27	0.1	29	0	559
27	0.1	29	0.1	1426
27	0.1	29	0.2	3
27	0.1	30	0	622
27	0.1	30	0.1	539
27	0.1	31	0	261
27	0.1	31	0.1	40
27	0.1	32	0	35
28	0	21	0.1	7
28	0	22	0	1
28	0	22	0.1	27
28	0	23	0	1
28	0	23	0.1	47
28	0	23	0.2	2
28	0	23	0.3	3
28	0	24	0	1
28	0	24	0.1	68
28	0	24	0.2	9
28	0	24	0.3	5
28	0	25	0	4
28	0	25	0.1	86
28	0	25	0.2	14
28	0	25	0.3	2
28	0	26	0	17
28	0	26	0.1	161
28	0	26	0.2	5
28	0	27	0	78
28	0	27	0.1	337
28	0	27	0.2	33
28	0	28	0	471
28	0	28	0.1	564
28	0	28	0.2	23
28	0	29	0	680
28	0	29	0.1	1014
28	0	29	0.2	5
28	0	30	0	395
28	0	30	0.1	466
28	0	31	0	52
28	0	31	0.1	21
28	0	32	0	1
28	0.1	18	0.1	8
28	0.1	19	0.1	21
28	0.1	19	0.2	6
28	0.1	20	0.1	37
28	0.1	20	0.2	17
28	0.1	20	0.3	2
28	0.1	21	0.1	82
28	0.1	21	0.2	60
28	0.1	21	0.3	1
28	0.1	22	0	2
28	0.1	22	0.1	118
28	0.1	22	0.2	78
28	0.1	22	0.3	10
28	0.1	23	0	1
28	0.1	23	0.1	182
28	0.1	23	0.2	110
28	0.1	23	0.3	10
28	0.1	23	0.4	2
28	0.1	24	0	1
28	0.1	24	0.1	313
28	0.1	24	0.2	103
28	0.1	24	0.3	11
28	0.1	25	0	24
28	0.1	25	0.1	532
28	0.1	25	0.2	121
28	0.1	25	0.3	4
28	0.1	26	0	62
28	0.1	26	0.1	966
28	0.1	26	0.2	202
28	0.1	26	0.3	4
28	0.1	27	0	158
28	0.1	27	0.1	1569
28	0.1	27	0.2	172
28	0.1	28	0	478
28	0.1	28	0.1	2354
28	0.1	28	0.2	110
28	0.1	29	0	905
28	0.1	29	0.1	2114
28	0.1	29	0.2	20
28	0.1	30	0	763
28	0.1	30	0.1	807
28	0.1	31	0	211
28	0.1	31	0.1	37
28	0.1	32	0	12
29	0	20	0.2	6
29	0	20	0.3	1
29	0	21	0.2	5
29	0	21	0.3	5
29	0	22	0.1	22
29	0	22	0.2	14
29	0	22	0.3	6
29	0	23	0	2
29	0	23	0.1	40
29	0	23	0.2	19
29	0	23	0.3	5
29	0	24	0	4
29	0	24	0.1	58
29	0	24	0.2	32
29	0	24	0.3	1
29	0	25	0	1
29	0	25	0.1	96
29	0	25	0.2	53
29	0	26	0	12
29	0	26	0.1	202
29	0	26	0.2	44
29	0	27	0	63
29	0	27	0.1	358
29	0	27	0.2	29
29	0	28	0	400
29	0	28	0.1	568
29	0	28	0.2	33
29	0	29	0	627
29	0	29	0.1	881
29	0	29	0.2	5
29	0	30	0	409
29	0	30	0.1	299
29	0	31	0	83
29	0	31	0.1	10
29	0	32	0	7
29	0.1	19	0	1
29	0.1	19	0.1	3
29	0.1	20	0.1	2
29	0.1	21	0	1
29	0.1	21	0.1	9
29	0.1	21	0.2	1
29	0.1	21	0.3	1
29	0.1	22	0	1
29	0.1	22	0.1	26
29	0.1	22	0.2	3
29	0.1	22	0.3	1
29	0.1	23	0	3
29	0.1	23	0.1	31
29	0.1	23	0.2	6
29	0.1	23	0.3	17
29	0.1	24	0	3
29	0.1	24	0.1	64
29	0.1	24	0.2	29
29	0.1	24	0.3	6
29	0.1	25	0	7
29	0.1	25	0.1	94
29	0.1	25	0.2	55
29	0.1	25	0.3	3
29	0.1	26	0	13
29	0.1	26	0.1	141
29	0.1	26	0.2	37
29	0.1	26	0.3	1
29	0.1	27	0	64
29	0.1	27	0.1	208
29	0.1	27	0.2	34
29	0.1	28	0	376
29	0.1	28	0.1	465
29	0.1	28	0.2	29
29	0.1	29	0	598
29	0.1	29	0.1	700
29	0.1	29	0.2	8
29	0.1	30	0	351
29	0.1	30	0.1	338
29	0.1	31	0	61
29	0.1	31	0.1	7
29	0.1	32	0	2
3	0.1	2	0.1	1
3	0.1	3	0.1	3684
3	0.1	3	0.2	262
3	0.1	4	0.1	2581
3	0.1	4	0.2	332
3	0.1	5	0.1	2976
3	0.1	5	0.2	470
3	0.1	6	0.1	2055
3	0.1	6	0.2	411
3	0.1	7	0.1	19
3	0.1	7	0.2	9
3	0.2	2	0.1	1
3	0.2	3	0.1	2315
3	0.2	3	0.2	1188
3	0.2	4	0.1	1880
3	0.2	4	0.2	1338
3	0.2	4	0.3	1
3	0.2	5	0.1	3011
3	0.2	5	0.2	814
3	0.2	5	0.3	2
3	0.2	6	0.1	1742
3	0.2	6	0.2	484
3	0.2	6	0.3	7
3	0.2	7	0.1	11
3	0.2	7	0.2	6
3	0.4	2	0.5	1
3	0.4	3	0.4	4188
3	0.4	3	0.5	4056
3	0.4	3	0.6	1
3	0.4	4	0.3	2
3	0.4	4	0.4	1615
3	0.4	4	0.5	2816
3	0.4	4	0.6	5
3	0.4	5	0.4	72
3	0.4	5	0.5	38
3	0.4	6	0.4	4
3	0.4	7	0.4	2
3	0.5	2	0.4	1
3	0.5	2	0.5	4
3	0.5	3	0.4	1395
3	0.5	3	0.5	5510
3	0.5	3	0.6	107
3	0.5	4	0.4	564
3	0.5	4	0.5	5066
3	0.5	4	0.6	34
3	0.5	5	0.4	6
3	0.5	5	0.5	92
3	0.5	6	0.5	12
3	0.5	7	0.5	9
3	0.6	3	0.4	208
3	0.6	3	0.5	3225
3	0.6	3	0.6	954
3	0.6	4	0.4	96
3	0.6	4	0.5	1520
3	0.6	4	0.6	413
3	0.6	5	0.4	3
3	0.6	5	0.5	61
3	0.6	5	0.6	17
3	0.6	6	0.5	1
3	0.6	6	0.6	2
4	0.1	3	0.1	1685
4	0.1	3	0.2	106
4	0.1	4	0.1	1629
4	0.1	4	0.2	187
4	0.1	5	0.1	5153
4	0.1	5	0.2	609
4	0.1	5	0.3	2
4	0.1	6	0.1	2943
4	0.1	6	0.2	463
4	0.1	6	0.3	4
4	0.1	7	0.1	14
4	0.1	7	0.2	4
4	0.1	7	0.3	1
4	0.2	2	0.1	2
4	0.2	2	0.2	1
4	0.2	3	0.1	2891
4	0.2	3	0.2	263
4	0.2	4	0.1	2379
4	0.2	4	0.2	565
4	0.2	5	0.1	3342
4	0.2	5	0.2	638
4	0.2	5	0.3	1
4	0.2	6	0.1	2155
4	0.2	6	0.2	524
4	0.2	7	0.1	14
4	0.2	7	0.2	9
4	0.2	8	0.1	1
4	0.2	8	0.2	13
4	0.2	9	0.2	2
4	0.4	3	0.3	13
4	0.4	3	0.4	8
4	0.4	4	0.2	1
4	0.4	4	0.3	17
4	0.4	4	0.4	709
4	0.4	4	0.5	1
4	0.4	5	0.3	34
4	0.4	5	0.4	4022
4	0.4	5	0.5	9
4	0.4	6	0.3	131
4	0.4	6	0.4	5183
4	0.4	6	0.5	75
4	0.4	7	0.3	124
4	0.4	7	0.4	1719
4	0.4	7	0.5	191
4	0.4	8	0.3	37
4	0.4	8	0.4	238
4	0.4	8	0.5	101
4	0.4	9	0.4	59
4	0.4	9	0.5	61
4	0.4	10	0.3	6
4	0.4	10	0.4	34
4	0.4	10	0.5	17
4	0.4	11	0.3	1
4	0.4	11	0.4	9
4	0.5	3	0.4	418
4	0.5	3	0.5	670
4	0.5	3	0.6	4
4	0.5	4	0.4	707
4	0.5	4	0.5	2479
4	0.5	4	0.6	323
4	0.5	4	0.7	1
4	0.5	5	0.3	20
4	0.5	5	0.4	2044
4	0.5	5	0.5	3037
4	0.5	5	0.6	504
4	0.5	5	0.7	1
4	0.5	6	0.3	9
4	0.5	6	0.4	629
4	0.5	6	0.5	1148
4	0.5	6	0.6	138
4	0.5	7	0.3	5
4	0.5	7	0.4	186
4	0.5	7	0.5	306
4	0.5	7	0.6	66
4	0.5	7	0.7	1
4	0.5	8	0.4	37
4	0.5	8	0.5	36
4	0.5	8	0.6	8
4	0.5	9	0.4	8
4	0.5	9	0.5	2
4	0.5	9	0.6	4
4	0.5	10	0.4	9
4	0.6	3	0.4	226
4	0.6	3	0.5	5759
4	0.6	3	0.6	1784
4	0.6	4	0.4	148
4	0.6	4	0.5	3437
4	0.6	4	0.6	1141
4	0.6	5	0.4	7
4	0.6	5	0.5	215
4	0.6	5	0.6	43
4	0.6	6	0.5	10
4	0.6	6	0.6	6
4	0.6	7	0.5	10
4	0.6	7	0.6	2
4	0.6	8	0.5	5
4	0.6	8	0.6	2
4	0.6	9	0.5	5
5	0.1	2	0.2	5
5	0.1	3	0.1	106
5	0.1	3	0.2	100
5	0.1	3	0.3	2
5	0.1	4	0.1	365
5	0.1	4	0.2	286
5	0.1	4	0.3	1
5	0.1	5	0.1	6553
5	0.1	5	0.2	1295
5	0.1	5	0.3	10
5	0.1	6	0.1	3361
5	0.1	6	0.2	674
5	0.1	6	0.3	5
5	0.1	7	0.1	26
5	0.1	7	0.2	11
5	0.2	3	0.1	19
5	0.2	3	0.2	1
5	0.2	4	0.1	86
5	0.2	4	0.2	12
5	0.2	5	0.1	3963
5	0.2	5	0.2	582
5	0.2	5	0.3	2
5	0.2	6	0.1	2257
5	0.2	6	0.2	459
5	0.2	6	0.3	2
5	0.2	7	0.1	16
5	0.2	7	0.2	1
5	0.4	3	0.3	27
5	0.4	3	0.4	8
5	0.4	3	0.5	6
5	0.4	4	0.3	16
5	0.4	4	0.4	326
5	0.4	4	0.5	27
5	0.4	5	0.3	98
5	0.4	5	0.4	3568
5	0.4	5	0.5	29
5	0.4	6	0.3	205
5	0.4	6	0.4	5533
5	0.4	6	0.5	97
5	0.4	7	0.3	217
5	0.4	7	0.4	1968
5	0.4	7	0.5	167
5	0.4	8	0.3	56
5	0.4	8	0.4	258
5	0.4	8	0.5	86
5	0.4	9	0.3	14
5	0.4	9	0.4	59
5	0.4	9	0.5	27
5	0.4	10	0.3	1
5	0.4	10	0.4	5
5	0.4	10	0.5	2
5	0.5	3	0.4	77
5	0.5	3	0.5	67
5	0.5	3	0.6	6
5	0.5	4	0.4	359
5	0.5	4	0.5	946
5	0.5	4	0.6	107
5	0.5	4	0.7	1
5	0.5	5	0.3	3
5	0.5	5	0.4	1383
5	0.5	5	0.5	4039
5	0.5	5	0.6	215
5	0.5	5	0.7	3
5	0.5	6	0.3	2
5	0.5	6	0.4	840
5	0.5	6	0.5	2581
5	0.5	6	0.6	179
5	0.5	7	0.4	609
5	0.5	7	0.5	990
5	0.5	7	0.6	59
5	0.5	8	0.4	88
5	0.5	8	0.5	152
5	0.5	8	0.6	13
5	0.5	9	0.4	8
5	0.5	9	0.5	55
5	0.5	9	0.6	4
5	0.5	10	0.4	2
5	0.5	10	0.5	10
5	0.5	11	0.5	2
5	0.6	2	0.6	1
5	0.6	3	0.4	49
5	0.6	3	0.5	1453
5	0.6	3	0.6	1159
5	0.6	4	0.4	41
5	0.6	4	0.5	3000
5	0.6	4	0.6	2626
5	0.6	5	0.4	19
5	0.6	5	0.5	1875
5	0.6	5	0.6	1666
5	0.6	5	0.7	1
5	0.6	6	0.4	4
5	0.6	6	0.5	97
5	0.6	6	0.6	220
5	0.6	6	0.7	1
5	0.6	7	0.5	16
5	0.6	7	0.6	209
5	0.6	7	0.7	1
5	0.6	8	0.5	12
5	0.6	8	0.6	86
5	0.6	9	0.6	24
5	0.6	9	0.7	2
5	0.6	10	0.6	47
5	0.6	10	0.7	5
5	0.6	11	0.5	2
5	0.6	11	0.6	74
5	0.6	11	0.7	19
5	0.6	12	0.6	44
5	0.6	12	0.7	16
5	0.6	13	0.5	1
5	0.6	13	0.6	21
5	0.6	13	0.7	5
5	0.6	14	0.6	4
6	0.1	3	0.1	65
6	0.1	3	0.2	29
6	0.1	4	0.1	152
6	0.1	4	0.2	40
6	0.1	5	0.1	6114
6	0.1	5	0.2	781
6	0.1	5	0.3	1
6	0.1	6	0.1	4861
6	0.1	6	0.2	720
6	0.1	7	0.1	30
6	0.1	7	0.2	7
6	0.2	3	0.1	13
6	0.2	3	0.2	1
6	0.2	4	0.1	60
6	0.2	4	0.2	12
6	0.2	5	0.1	2707
6	0.2	5	0.2	383
6	0.2	5	0.3	1
6	0.2	6	0.1	1765
6	0.2	6	0.2	411
6	0.2	6	0.3	1
6	0.2	7	0.1	32
6	0.2	7	0.2	8
6	0.2	8	0.2	6
6	0.4	4	0.3	1
6	0.4	4	0.4	100
6	0.4	5	0.3	23
6	0.4	5	0.4	1330
6	0.4	5	0.5	30
6	0.4	5	0.6	2
6	0.4	6	0.3	155
6	0.4	6	0.4	4122
6	0.4	6	0.5	563
6	0.4	6	0.6	13
6	0.4	7	0.3	280
6	0.4	7	0.4	3376
6	0.4	7	0.5	682
6	0.4	7	0.6	40
6	0.4	8	0.3	106
6	0.4	8	0.4	1071
6	0.4	8	0.5	322
6	0.4	8	0.6	69
6	0.4	9	0.3	21
6	0.4	9	0.4	238
6	0.4	9	0.5	85
6	0.4	9	0.6	23
6	0.4	10	0.3	1
6	0.4	10	0.4	57
6	0.4	10	0.5	24
6	0.4	10	0.6	6
6	0.4	11	0.3	3
6	0.4	11	0.4	30
6	0.4	11	0.5	2
6	0.4	12	0.3	1
6	0.4	12	0.4	15
6	0.4	13	0.4	8
6	0.4	14	0.4	1
6	0.5	3	0.5	1
6	0.5	4	0.4	49
6	0.5	4	0.5	110
6	0.5	4	0.6	6
6	0.5	5	0.3	1
6	0.5	5	0.4	458
6	0.5	5	0.5	987
6	0.5	5	0.6	13
6	0.5	6	0.3	21
6	0.5	6	0.4	1906
6	0.5	6	0.5	3290
6	0.5	6	0.6	86
6	0.5	7	0.3	18
6	0.5	7	0.4	2149
6	0.5	7	0.5	2355
6	0.5	7	0.6	128
6	0.5	8	0.3	10
6	0.5	8	0.4	444
6	0.5	8	0.5	575
6	0.5	8	0.6	67
6	0.5	9	0.4	21
6	0.5	9	0.5	61
6	0.5	9	0.6	28
6	0.5	10	0.5	13
6	0.5	10	0.6	2
6	0.5	11	0.5	1
6	0.6	3	0.4	3
6	0.6	3	0.5	199
6	0.6	3	0.6	1378
6	0.6	4	0.4	25
6	0.6	4	0.5	1458
6	0.6	4	0.6	2669
6	0.6	4	0.7	1
6	0.6	5	0.4	12
6	0.6	5	0.5	1706
6	0.6	5	0.6	1720
6	0.6	5	0.7	3
6	0.6	6	0.5	181
6	0.6	6	0.6	794
6	0.6	6	0.7	5
6	0.6	7	0.5	107
6	0.6	7	0.6	772
6	0.6	7	0.7	74
6	0.6	8	0.5	53
6	0.6	8	0.6	416
6	0.6	8	0.7	62
6	0.6	9	0.5	21
6	0.6	9	0.6	222
6	0.6	9	0.7	42
6	0.6	10	0.5	9
6	0.6	10	0.6	262
6	0.6	10	0.7	35
6	0.6	11	0.5	4
6	0.6	11	0.6	285
6	0.6	11	0.7	29
6	0.6	12	0.5	7
6	0.6	12	0.6	138
6	0.6	12	0.7	18
6	0.6	13	0.5	13
6	0.6	13	0.6	53
6	0.6	13	0.7	4
6	0.6	14	0.6	18
6	0.6	15	0.6	2
7	0.1	3	0.1	18
7	0.1	3	0.2	3
7	0.1	4	0.1	87
7	0.1	4	0.2	13
7	0.1	5	0.1	5704
7	0.1	5	0.2	681
7	0.1	5	0.3	8
7	0.1	6	0.1	3745
7	0.1	6	0.2	624
7	0.1	7	0.1	193
7	0.1	7	0.2	21
7	0.1	8	0.1	2
7	0.1	8	0.2	1
7	0.2	3	0.1	83
7	0.2	3	0.2	67
7	0.2	3	0.3	3
7	0.2	4	0.1	299
7	0.2	4	0.2	206
7	0.2	4	0.3	1
7	0.2	5	0.1	5203
7	0.2	5	0.2	1149
7	0.2	5	0.3	1
7	0.2	6	0.1	3881
7	0.2	6	0.2	1287
7	0.2	6	0.3	6
7	0.2	7	0.1	161
7	0.2	7	0.2	343
7	0.2	7	0.3	2
7	0.2	8	0.1	29
7	0.2	8	0.2	63
7	0.2	8	0.3	1
7	0.2	9	0.1	2
7	0.2	9	0.2	11
7	0.2	10	0.2	2
7	0.4	4	0.3	1
7	0.4	4	0.4	2
7	0.4	5	0.3	24
7	0.4	5	0.4	91
7	0.4	5	0.5	32
7	0.4	6	0.3	122
7	0.4	6	0.4	896
7	0.4	6	0.5	582
7	0.4	6	0.6	23
7	0.4	7	0.2	12
7	0.4	7	0.3	917
7	0.4	7	0.4	2969
7	0.4	7	0.5	943
7	0.4	7	0.6	39
7	0.4	8	0.2	17
7	0.4	8	0.3	1137
7	0.4	8	0.4	2097
7	0.4	8	0.5	606
7	0.4	8	0.6	15
7	0.4	9	0.2	5
7	0.4	9	0.3	104
7	0.4	9	0.4	496
7	0.4	9	0.5	331
7	0.4	9	0.6	15
7	0.4	10	0.2	2
7	0.4	10	0.3	38
7	0.4	10	0.4	363
7	0.4	10	0.5	186
7	0.4	10	0.6	4
7	0.4	11	0.3	110
7	0.4	11	0.4	254
7	0.4	11	0.5	59
7	0.4	11	0.6	2
7	0.4	12	0.3	56
7	0.4	12	0.4	108
7	0.4	12	0.5	22
7	0.4	13	0.3	19
7	0.4	13	0.4	54
7	0.4	13	0.5	27
7	0.4	13	0.6	1
7	0.4	14	0.3	2
7	0.4	14	0.4	3
7	0.4	14	0.5	14
7	0.5	4	0.3	3
7	0.5	4	0.4	56
7	0.5	4	0.5	3
7	0.5	5	0.3	27
7	0.5	5	0.4	673
7	0.5	5	0.5	308
7	0.5	6	0.3	122
7	0.5	6	0.4	2393
7	0.5	6	0.5	1077
7	0.5	6	0.6	7
7	0.5	7	0.3	147
7	0.5	7	0.4	3263
7	0.5	7	0.5	2071
7	0.5	7	0.6	14
7	0.5	8	0.3	34
7	0.5	8	0.4	1200
7	0.5	8	0.5	972
7	0.5	8	0.6	7
7	0.5	9	0.3	8
7	0.5	9	0.4	121
7	0.5	9	0.5	135
7	0.5	9	0.6	9
7	0.5	10	0.3	1
7	0.5	10	0.4	39
7	0.5	10	0.5	42
7	0.5	10	0.6	7
7	0.5	11	0.4	4
7	0.5	11	0.5	3
7	0.5	11	0.6	6
7	0.5	12	0.6	1
7	0.5	12	0.7	1
7	0.5	13	0.7	3
7	0.5	14	0.6	1
7	0.5	14	0.7	7
7	0.5	14	0.8	1
7	0.5	15	0.7	9
7	0.5	15	0.8	14
7	0.5	16	0.7	4
7	0.5	16	0.8	7
7	0.6	3	0.4	2
7	0.6	3	0.5	149
7	0.6	3	0.6	1382
7	0.6	3	0.7	4
7	0.6	4	0.4	9
7	0.6	4	0.5	703
7	0.6	4	0.6	1576
7	0.6	4	0.7	1
7	0.6	5	0.4	3
7	0.6	5	0.5	319
7	0.6	5	0.6	970
7	0.6	6	0.5	293
7	0.6	6	0.6	1686
7	0.6	6	0.7	4
7	0.6	7	0.4	2
7	0.6	7	0.5	396
7	0.6	7	0.6	2984
7	0.6	7	0.7	38
7	0.6	8	0.5	122
7	0.6	8	0.6	1035
7	0.6	8	0.7	41
7	0.6	9	0.5	17
7	0.6	9	0.6	322
7	0.6	9	0.7	31
7	0.6	10	0.5	24
7	0.6	10	0.6	226
7	0.6	10	0.7	47
7	0.6	11	0.5	15
7	0.6	11	0.6	227
7	0.6	11	0.7	32
7	0.6	12	0.5	3
7	0.6	12	0.6	99
7	0.6	12	0.7	12
7	0.6	13	0.5	1
7	0.6	13	0.6	22
7	0.6	13	0.7	3
7	0.7	4	0.5	57
7	0.7	4	0.6	33
7	0.7	5	0.5	108
7	0.7	5	0.6	101
7	0.7	6	0.5	59
7	0.7	6	0.6	241
7	0.7	6	0.7	29
7	0.7	7	0.5	66
7	0.7	7	0.6	1799
7	0.7	7	0.7	1122
7	0.7	8	0.5	92
7	0.7	8	0.6	2010
7	0.7	8	0.7	1009
7	0.7	9	0.5	90
7	0.7	9	0.6	1430
7	0.7	9	0.7	352
7	0.7	10	0.5	55
7	0.7	10	0.6	1783
7	0.7	10	0.7	305
7	0.7	11	0.5	37
7	0.7	11	0.6	1365
7	0.7	11	0.7	157
7	0.7	12	0.5	44
7	0.7	12	0.6	343
7	0.7	12	0.7	18
7	0.7	13	0.5	21
7	0.7	13	0.6	64
7	0.7	14	0.5	7
7	0.7	14	0.6	3
8	0.2	2	0.1	1
8	0.2	3	0.1	86
8	0.2	3	0.2	38
8	0.2	4	0.1	185
8	0.2	4	0.2	89
8	0.2	4	0.3	4
8	0.2	5	0.1	3125
8	0.2	5	0.2	813
8	0.2	5	0.3	29
8	0.2	6	0.1	2446
8	0.2	6	0.2	1503
8	0.2	6	0.3	112
8	0.2	7	0.1	150
8	0.2	7	0.2	876
8	0.2	7	0.3	81
8	0.2	8	0.1	70
8	0.2	8	0.2	1621
8	0.2	8	0.3	118
8	0.2	9	0.1	25
8	0.2	9	0.2	1022
8	0.2	9	0.3	99
8	0.2	10	0.1	6
8	0.2	10	0.2	197
8	0.2	10	0.3	49
8	0.2	11	0.2	20
8	0.2	11	0.3	26
8	0.2	12	0.2	4
8	0.2	12	0.3	4
8	0.2	13	0.3	1
8	0.3	3	0.2	25
8	0.3	3	0.3	6
8	0.3	4	0.2	20
8	0.3	4	0.3	6
8	0.3	5	0.1	86
8	0.3	5	0.2	245
8	0.3	5	0.3	31
8	0.3	6	0.1	63
8	0.3	6	0.2	621
8	0.3	6	0.3	163
8	0.3	7	0.1	12
8	0.3	7	0.2	510
8	0.3	7	0.3	284
8	0.3	8	0.1	2
8	0.3	8	0.2	1067
8	0.3	8	0.3	493
8	0.3	8	0.4	20
8	0.3	9	0.2	859
8	0.3	9	0.3	670
8	0.3	9	0.4	30
8	0.3	10	0.2	185
8	0.3	10	0.3	236
8	0.3	10	0.4	8
8	0.3	11	0.2	30
8	0.3	11	0.3	165
8	0.3	11	0.4	3
8	0.3	12	0.2	10
8	0.3	12	0.3	54
8	0.3	12	0.4	4
8	0.3	13	0.2	15
8	0.3	13	0.3	29
8	0.3	14	0.2	13
8	0.3	14	0.3	24
8	0.3	15	0.2	4
8	0.3	15	0.3	6
8	0.3	16	0.3	1
8	0.4	4	0.4	4
8	0.4	4	0.5	7
8	0.4	5	0.3	10
8	0.4	5	0.4	23
8	0.4	5	0.5	38
8	0.4	5	0.6	1
8	0.4	6	0.3	55
8	0.4	6	0.4	294
8	0.4	6	0.5	356
8	0.4	6	0.6	23
8	0.4	7	0.3	294
8	0.4	7	0.4	1556
8	0.4	7	0.5	772
8	0.4	7	0.6	51
8	0.4	8	0.2	1
8	0.4	8	0.3	420
8	0.4	8	0.4	2450
8	0.4	8	0.5	725
8	0.4	8	0.6	7
8	0.4	9	0.3	216
8	0.4	9	0.4	1480
8	0.4	9	0.5	413
8	0.4	9	0.6	7
8	0.4	10	0.3	190
8	0.4	10	0.4	1297
8	0.4	10	0.5	255
8	0.4	10	0.6	2
8	0.4	11	0.3	243
8	0.4	11	0.4	841
8	0.4	11	0.5	118
8	0.4	12	0.3	81
8	0.4	12	0.4	297
8	0.4	12	0.5	39
8	0.4	13	0.3	32
8	0.4	13	0.4	98
8	0.4	13	0.5	15
8	0.4	14	0.3	8
8	0.4	14	0.4	34
8	0.4	14	0.5	19
8	0.4	15	0.4	15
8	0.4	15	0.5	13
8	0.5	3	0.3	37
8	0.5	3	0.4	27
8	0.5	3	0.6	1
8	0.5	4	0.3	19
8	0.5	4	0.4	56
8	0.5	4	0.5	6
8	0.5	4	0.6	26
8	0.5	5	0.3	10
8	0.5	5	0.4	345
8	0.5	5	0.5	81
8	0.5	5	0.6	29
8	0.5	6	0.3	29
8	0.5	6	0.4	1514
8	0.5	6	0.5	898
8	0.5	6	0.6	14
8	0.5	6	0.7	11
8	0.5	7	0.3	113
8	0.5	7	0.4	2975
8	0.5	7	0.5	2194
8	0.5	7	0.6	86
8	0.5	7	0.7	66
8	0.5	8	0.3	124
8	0.5	8	0.4	1326
8	0.5	8	0.5	1405
8	0.5	8	0.6	238
8	0.5	8	0.7	75
8	0.5	9	0.3	13
8	0.5	9	0.4	280
8	0.5	9	0.5	237
8	0.5	9	0.6	138
8	0.5	9	0.7	37
8	0.5	10	0.3	15
8	0.5	10	0.4	122
8	0.5	10	0.5	115
8	0.5	10	0.6	40
8	0.5	10	0.7	15
8	0.5	11	0.3	6
8	0.5	11	0.4	50
8	0.5	11	0.5	19
8	0.5	11	0.6	2
8	0.5	11	0.7	4
8	0.5	12	0.4	2
8	0.6	2	0.5	2
8	0.6	3	0.5	123
8	0.6	3	0.6	1144
8	0.6	3	0.7	1
8	0.6	4	0.5	322
8	0.6	4	0.6	1378
8	0.6	5	0.5	213
8	0.6	5	0.6	651
8	0.6	5	0.7	1
8	0.6	6	0.5	176
8	0.6	6	0.6	1121
8	0.6	6	0.7	2
8	0.6	7	0.4	2
8	0.6	7	0.5	358
8	0.6	7	0.6	2786
8	0.6	7	0.7	49
8	0.6	8	0.4	9
8	0.6	8	0.5	342
8	0.6	8	0.6	1900
8	0.6	8	0.7	62
8	0.6	9	0.4	6
8	0.6	9	0.5	194
8	0.6	9	0.6	653
8	0.6	9	0.7	47
8	0.6	10	0.4	1
8	0.6	10	0.5	42
8	0.6	10	0.6	431
8	0.6	10	0.7	80
8	0.6	11	0.5	20
8	0.6	11	0.6	342
8	0.6	11	0.7	57
8	0.6	12	0.5	6
8	0.6	12	0.6	151
8	0.6	12	0.7	18
8	0.6	13	0.5	2
8	0.6	13	0.6	66
8	0.6	13	0.7	11
8	0.6	14	0.6	17
8	0.6	14	0.7	3
8	0.6	15	0.6	10
8	0.6	16	0.6	1
8	0.7	3	0.5	12
8	0.7	3	0.6	29
8	0.7	4	0.5	59
8	0.7	4	0.6	66
8	0.7	5	0.5	91
8	0.7	5	0.6	101
8	0.7	6	0.5	56
8	0.7	6	0.6	225
8	0.7	6	0.7	20
8	0.7	7	0.5	79
8	0.7	7	0.6	1385
8	0.7	7	0.7	788
8	0.7	8	0.5	74
8	0.7	8	0.6	1642
8	0.7	8	0.7	898
8	0.7	9	0.5	41
8	0.7	9	0.6	1367
8	0.7	9	0.7	426
8	0.7	10	0.5	34
8	0.7	10	0.6	1682
8	0.7	10	0.7	330
8	0.7	11	0.5	23
8	0.7	11	0.6	1590
8	0.7	11	0.7	291
8	0.7	12	0.5	15
8	0.7	12	0.6	695
8	0.7	12	0.7	134
8	0.7	13	0.5	20
8	0.7	13	0.6	324
8	0.7	13	0.7	77
8	0.7	14	0.5	7
8	0.7	14	0.6	145
8	0.7	14	0.7	13
8	0.7	15	0.5	8
8	0.7	15	0.6	29
8	0.7	15	0.7	3
8	0.7	16	0.5	10
8	0.7	16	0.6	5
8	0.7	17	0.5	4
8	0.7	17	0.6	2
9	0.2	3	0.1	10
9	0.2	3	0.2	4
9	0.2	3	0.3	5
9	0.2	4	0.1	26
9	0.2	4	0.2	45
9	0.2	4	0.3	37
9	0.2	5	0.1	819
9	0.2	5	0.2	359
9	0.2	5	0.3	30
9	0.2	6	0.1	688
9	0.2	6	0.2	1455
9	0.2	6	0.3	216
9	0.2	7	0.1	25
9	0.2	7	0.2	1661
9	0.2	7	0.3	253
9	0.2	8	0.1	24
9	0.2	8	0.2	3260
9	0.2	8	0.3	352
9	0.2	9	0.1	2
9	0.2	9	0.2	2503
9	0.2	9	0.3	299
9	0.2	9	0.4	2
9	0.2	10	0.1	1
9	0.2	10	0.2	493
9	0.2	10	0.3	59
9	0.2	10	0.4	1
9	0.2	11	0.2	102
9	0.2	11	0.3	35
9	0.2	12	0.2	10
9	0.2	12	0.3	11
9	0.2	13	0.2	2
9	0.2	13	0.3	9
9	0.2	14	0.3	2
9	0.3	3	0.2	1
9	0.3	4	0.1	1
9	0.3	4	0.2	12
9	0.3	4	0.3	5
9	0.3	5	0.1	92
9	0.3	5	0.2	237
9	0.3	5	0.3	15
9	0.3	6	0.1	64
9	0.3	6	0.2	1054
9	0.3	6	0.3	220
9	0.3	7	0.1	2
9	0.3	7	0.2	813
9	0.3	7	0.3	405
9	0.3	7	0.4	4
9	0.3	8	0.2	1129
9	0.3	8	0.3	460
9	0.3	8	0.4	18
9	0.3	8	0.5	4
9	0.3	9	0.1	1
9	0.3	9	0.2	921
9	0.3	9	0.3	519
9	0.3	9	0.4	72
9	0.3	9	0.5	1
9	0.3	10	0.2	209
9	0.3	10	0.3	211
9	0.3	10	0.4	15
9	0.3	10	0.5	1
9	0.3	11	0.2	68
9	0.3	11	0.3	138
9	0.3	11	0.4	1
9	0.3	12	0.2	16
9	0.3	12	0.3	77
9	0.3	12	0.4	1
9	0.3	13	0.2	1
9	0.3	13	0.3	12
9	0.4	4	0.3	1
9	0.4	4	0.4	2
9	0.4	5	0.3	9
9	0.4	5	0.4	33
9	0.4	5	0.5	4
9	0.4	5	0.6	1
9	0.4	6	0.3	33
9	0.4	6	0.4	98
9	0.4	6	0.5	88
9	0.4	6	0.6	13
9	0.4	7	0.2	1
9	0.4	7	0.3	123
9	0.4	7	0.4	379
9	0.4	7	0.5	334
9	0.4	7	0.6	18
9	0.4	8	0.2	2
9	0.4	8	0.3	229
9	0.4	8	0.4	902
9	0.4	8	0.5	364
9	0.4	8	0.6	13
9	0.4	9	0.2	1
9	0.4	9	0.3	318
9	0.4	9	0.4	1805
9	0.4	9	0.5	324
9	0.4	9	0.6	23
9	0.4	10	0.3	478
9	0.4	10	0.4	2371
9	0.4	10	0.5	258
9	0.4	10	0.6	36
9	0.4	11	0.2	2
9	0.4	11	0.3	935
9	0.4	11	0.4	1886
9	0.4	11	0.5	162
9	0.4	11	0.6	18
9	0.4	12	0.3	487
9	0.4	12	0.4	539
9	0.4	12	0.5	39
9	0.4	12	0.6	4
9	0.4	13	0.3	155
9	0.4	13	0.4	146
9	0.4	13	0.5	12
9	0.4	14	0.3	47
9	0.4	14	0.4	52
9	0.4	14	0.5	3
9	0.4	15	0.3	2
9	0.4	15	0.4	47
9	0.4	15	0.5	2
9	0.4	16	0.4	1
9	0.5	3	0.5	143
9	0.5	3	0.6	55
9	0.5	4	0.4	2
9	0.5	4	0.5	443
9	0.5	4	0.6	238
9	0.5	5	0.4	1
9	0.5	5	0.5	473
9	0.5	5	0.6	396
9	0.5	6	0.4	1
9	0.5	6	0.5	197
9	0.5	6	0.6	287
9	0.5	6	0.7	3
9	0.5	7	0.5	121
9	0.5	7	0.6	485
9	0.5	7	0.7	36
9	0.5	8	0.5	196
9	0.5	8	0.6	825
9	0.5	8	0.7	47
9	0.5	9	0.5	220
9	0.5	9	0.6	1043
9	0.5	9	0.7	43
9	0.5	10	0.5	160
9	0.5	10	0.6	854
9	0.5	10	0.7	62
9	0.5	11	0.5	48
9	0.5	11	0.6	556
9	0.5	11	0.7	40
9	0.5	12	0.5	20
9	0.5	12	0.6	176
9	0.5	12	0.7	19
9	0.5	13	0.5	8
9	0.5	13	0.6	57
9	0.5	13	0.7	12
9	0.5	14	0.5	1
9	0.5	14	0.6	17
9	0.5	14	0.7	4
9	0.5	15	0.6	7
9	0.5	16	0.5	1
9	0.5	16	0.6	3
9	0.6	3	0.5	95
9	0.6	3	0.6	590
9	0.6	3	0.7	1
9	0.6	4	0.4	1
9	0.6	4	0.5	353
9	0.6	4	0.6	773
9	0.6	5	0.5	181
9	0.6	5	0.6	552
9	0.6	6	0.5	129
9	0.6	6	0.6	1081
9	0.6	6	0.7	3
9	0.6	7	0.5	161
9	0.6	7	0.6	2572
9	0.6	7	0.7	82
9	0.6	8	0.4	1
9	0.6	8	0.5	208
9	0.6	8	0.6	2139
9	0.6	8	0.7	59
9	0.6	9	0.5	131
9	0.6	9	0.6	1326
9	0.6	9	0.7	63
9	0.6	10	0.5	77
9	0.6	10	0.6	919
9	0.6	10	0.7	95
9	0.6	11	0.5	21
9	0.6	11	0.6	659
9	0.6	11	0.7	68
9	0.6	12	0.5	11
9	0.6	12	0.6	241
9	0.6	12	0.7	28
9	0.6	13	0.5	7
9	0.6	13	0.6	71
9	0.6	13	0.7	9
9	0.6	14	0.5	9
9	0.6	14	0.6	40
9	0.6	15	0.6	22
9	0.6	15	0.7	2
9	0.6	16	0.5	1
9	0.6	16	0.6	18
9	0.6	17	0.6	1
9	0.7	3	0.5	7
9	0.7	4	0.5	79
9	0.7	4	0.6	36
9	0.7	5	0.5	110
9	0.7	5	0.6	87
9	0.7	6	0.5	43
9	0.7	6	0.6	175
9	0.7	6	0.7	23
9	0.7	7	0.5	47
9	0.7	7	0.6	1292
9	0.7	7	0.7	666
9	0.7	8	0.5	51
9	0.7	8	0.6	1563
9	0.7	8	0.7	795
9	0.7	9	0.5	52
9	0.7	9	0.6	1546
9	0.7	9	0.7	580
9	0.7	10	0.5	50
9	0.7	10	0.6	2005
9	0.7	10	0.7	347
9	0.7	11	0.5	28
9	0.7	11	0.6	1977
9	0.7	11	0.7	273
9	0.7	12	0.5	20
9	0.7	12	0.6	688
9	0.7	12	0.7	68
9	0.7	13	0.5	19
9	0.7	13	0.6	126
9	0.7	13	0.7	16
9	0.7	14	0.5	4
9	0.7	14	0.6	18
9	0.7	14	0.7	1
9	0.7	15	0.5	2
9	0.7	15	0.6	6
