10	0.2	3	0.1	29
10	0.2	3	0.2	85
10	0.2	3	0.3	1
10	0.2	4	0.1	51
10	0.2	4	0.2	216
10	0.2	4	0.3	6
10	0.2	5	0.1	95
10	0.2	5	0.2	117
10	0.2	5	0.3	1
10	0.2	6	0.1	104
10	0.2	6	0.2	245
10	0.2	6	0.3	10
10	0.2	7	0.1	55
10	0.2	7	0.2	450
10	0.2	7	0.3	21
10	0.2	8	0.1	105
10	0.2	8	0.2	789
10	0.2	8	0.3	137
10	0.2	8	0.4	2
10	0.2	8	0.5	3
10	0.2	9	0.1	226
10	0.2	9	0.2	1302
10	0.2	9	0.3	448
10	0.2	9	0.4	28
10	0.2	9	0.5	14
10	0.2	10	0.1	457
10	0.2	10	0.2	2293
10	0.2	10	0.3	358
10	0.2	10	0.4	46
10	0.2	10	0.5	16
10	0.2	11	0.1	577
10	0.2	11	0.2	2088
10	0.2	11	0.3	171
10	0.2	11	0.4	26
10	0.2	11	0.5	2
10	0.2	12	0.1	318
10	0.2	12	0.2	945
10	0.2	12	0.3	90
10	0.2	12	0.4	1
10	0.2	13	0.1	143
10	0.2	13	0.2	301
10	0.2	13	0.3	6
10	0.2	14	0.1	99
10	0.2	14	0.2	120
10	0.2	14	0.3	1
10	0.2	15	0.1	47
10	0.2	15	0.2	48
10	0.2	16	0.1	22
10	0.2	16	0.2	7
10	0.2	17	0.1	18
10	0.2	17	0.2	2
10	0.2	18	0.1	6
10	0.2	18	0.2	2
10	0.2	19	0.1	2
10	0.2	19	0.2	5
10	0.2	20	0.1	3
10	0.2	20	0.2	2
10	0.2	21	0.1	8
10	0.2	21	0.2	3
10	0.2	22	0.1	1
10	0.2	23	0.2	1
10	0.2	24	0.1	3
10	0.2	24	0.2	7
10	0.2	25	0.1	11
10	0.2	26	0.1	4
10	0.4	3	0.3	6
10	0.4	3	0.4	107
10	0.4	3	0.5	30
10	0.4	4	0.3	6
10	0.4	4	0.4	461
10	0.4	4	0.5	310
10	0.4	5	0.3	11
10	0.4	5	0.4	547
10	0.4	5	0.5	389
10	0.4	6	0.3	5
10	0.4	6	0.4	403
10	0.4	6	0.5	314
10	0.4	7	0.3	5
10	0.4	7	0.4	430
10	0.4	7	0.5	457
10	0.4	8	0.3	4
10	0.4	8	0.4	384
10	0.4	8	0.5	532
10	0.4	8	0.6	1
10	0.4	9	0.3	3
10	0.4	9	0.4	390
10	0.4	9	0.5	624
10	0.4	10	0.3	3
10	0.4	10	0.4	503
10	0.4	10	0.5	712
10	0.4	11	0.3	1
10	0.4	11	0.4	70
10	0.4	11	0.5	88
10	0.4	12	0.4	2
10	0.4	12	0.5	2
10	0.5	3	0.4	123
10	0.5	3	0.5	52
10	0.5	4	0.3	6
10	0.5	4	0.4	596
10	0.5	4	0.5	387
10	0.5	5	0.3	5
10	0.5	5	0.4	765
10	0.5	5	0.5	657
10	0.5	6	0.3	7
10	0.5	6	0.4	500
10	0.5	6	0.5	663
10	0.5	6	0.6	4
10	0.5	7	0.3	2
10	0.5	7	0.4	594
10	0.5	7	0.5	1171
10	0.5	7	0.6	5
10	0.5	8	0.3	4
10	0.5	8	0.4	461
10	0.5	8	0.5	1340
10	0.5	8	0.6	12
10	0.5	9	0.4	383
10	0.5	9	0.5	1535
10	0.5	9	0.6	78
10	0.5	10	0.4	494
10	0.5	10	0.5	1737
10	0.5	10	0.6	294
10	0.5	11	0.4	105
10	0.5	11	0.5	397
10	0.5	11	0.6	278
10	0.5	12	0.4	3
10	0.5	12	0.5	48
10	0.5	12	0.6	93
10	0.5	13	0.6	1
10	0.6	3	0.5	24
10	0.6	3	0.6	5
10	0.6	4	0.5	105
10	0.6	4	0.6	3
10	0.6	5	0.5	55
10	0.6	5	0.6	12
10	0.6	6	0.4	1
10	0.6	6	0.5	62
10	0.6	6	0.6	32
10	0.6	7	0.5	82
10	0.6	7	0.6	61
10	0.6	8	0.5	221
10	0.6	8	0.6	190
10	0.6	9	0.4	3
10	0.6	9	0.5	642
10	0.6	9	0.6	706
10	0.6	10	0.4	4
10	0.6	10	0.5	1475
10	0.6	10	0.6	2312
10	0.6	10	0.7	11
10	0.6	11	0.5	1113
10	0.6	11	0.6	2753
10	0.6	11	0.7	17
10	0.6	12	0.5	363
10	0.6	12	0.6	1535
10	0.6	12	0.7	66
10	0.6	13	0.5	105
10	0.6	13	0.6	621
10	0.6	13	0.7	37
10	0.6	14	0.5	14
10	0.6	14	0.6	140
10	0.6	14	0.7	7
10	0.6	15	0.5	5
10	0.6	15	0.6	13
10	0.6	16	0.5	5
10	0.7	5	0.7	4
10	0.7	6	0.7	70
10	0.7	6	0.8	35
10	0.7	7	0.6	1
10	0.7	7	0.7	487
10	0.7	7	0.8	1861
10	0.7	8	0.6	1
10	0.7	8	0.7	933
10	0.7	8	0.8	4463
10	0.7	9	0.6	2
10	0.7	9	0.7	899
10	0.7	9	0.8	2393
10	0.7	10	0.6	4
10	0.7	10	0.7	755
10	0.7	10	0.8	608
10	0.7	11	0.6	1
10	0.7	11	0.7	96
10	0.7	11	0.8	71
10	0.7	12	0.7	22
10	0.7	12	0.8	14
10	0.7	13	0.7	9
10	0.7	13	0.8	11
10	0.7	14	0.7	3
10	0.7	14	0.8	20
10	0.7	15	0.7	1
10	0.7	15	0.8	36
10	0.8	4	0.7	1
10	0.8	5	0.6	2
10	0.8	5	0.7	6
10	0.8	6	0.6	1
10	0.8	6	0.7	37
10	0.8	6	0.8	45
10	0.8	7	0.7	481
10	0.8	7	0.8	2114
10	0.8	8	0.6	1
10	0.8	8	0.7	921
10	0.8	8	0.8	4591
10	0.8	9	0.7	622
10	0.8	9	0.8	2636
10	0.8	10	0.6	3
10	0.8	10	0.7	326
10	0.8	10	0.8	863
10	0.8	11	0.6	2
10	0.8	11	0.7	64
10	0.8	11	0.8	70
10	0.8	12	0.7	8
10	0.8	12	0.8	6
11	0.2	3	0.1	4
11	0.2	3	0.2	1
11	0.2	4	0.1	8
11	0.2	4	0.2	3
11	0.2	4	0.3	9
11	0.2	5	0.1	2
11	0.2	5	0.2	38
11	0.2	5	0.3	37
11	0.2	6	0.1	28
11	0.2	6	0.2	146
11	0.2	6	0.3	18
11	0.2	7	0.1	54
11	0.2	7	0.2	297
11	0.2	7	0.3	14
11	0.2	8	0.1	90
11	0.2	8	0.2	581
11	0.2	8	0.3	33
11	0.2	9	0.1	275
11	0.2	9	0.2	980
11	0.2	9	0.3	91
11	0.2	10	0.1	606
11	0.2	10	0.2	1670
11	0.2	10	0.3	96
11	0.2	11	0.1	947
11	0.2	11	0.2	2518
11	0.2	11	0.3	80
11	0.2	12	0.1	666
11	0.2	12	0.2	1758
11	0.2	12	0.3	80
11	0.2	12	0.4	2
11	0.2	13	0.1	334
11	0.2	13	0.2	545
11	0.2	13	0.3	48
11	0.2	13	0.4	2
11	0.2	14	0.1	260
11	0.2	14	0.2	262
11	0.2	14	0.3	28
11	0.2	14	0.4	2
11	0.2	15	0.1	83
11	0.2	15	0.2	90
11	0.2	15	0.3	7
11	0.2	16	0.2	6
11	0.2	16	0.3	1
11	0.4	3	0.3	6
11	0.4	3	0.4	163
11	0.4	3	0.5	43
11	0.4	4	0.3	6
11	0.4	4	0.4	432
11	0.4	4	0.5	315
11	0.4	5	0.3	8
11	0.4	5	0.4	580
11	0.4	5	0.5	439
11	0.4	6	0.3	7
11	0.4	6	0.4	486
11	0.4	6	0.5	414
11	0.4	7	0.3	7
11	0.4	7	0.4	500
11	0.4	7	0.5	810
11	0.4	7	0.6	1
11	0.4	8	0.3	5
11	0.4	8	0.4	390
11	0.4	8	0.5	926
11	0.4	8	0.6	5
11	0.4	9	0.3	8
11	0.4	9	0.4	500
11	0.4	9	0.5	1280
11	0.4	9	0.6	27
11	0.4	10	0.3	10
11	0.4	10	0.4	1811
11	0.4	10	0.5	2151
11	0.4	10	0.6	69
11	0.4	11	0.3	4
11	0.4	11	0.4	750
11	0.4	11	0.5	514
11	0.4	11	0.6	52
11	0.4	12	0.4	22
11	0.4	12	0.5	29
11	0.4	12	0.6	20
11	0.4	12	0.7	1
11	0.4	13	0.4	1
11	0.4	13	0.6	5
11	0.4	13	0.7	3
11	0.5	3	0.3	17
11	0.5	3	0.4	162
11	0.5	3	0.5	43
11	0.5	4	0.3	15
11	0.5	4	0.4	452
11	0.5	4	0.5	266
11	0.5	5	0.3	5
11	0.5	5	0.4	646
11	0.5	5	0.5	584
11	0.5	6	0.3	1
11	0.5	6	0.4	509
11	0.5	6	0.5	574
11	0.5	7	0.3	5
11	0.5	7	0.4	489
11	0.5	7	0.5	780
11	0.5	7	0.6	1
11	0.5	8	0.3	7
11	0.5	8	0.4	417
11	0.5	8	0.5	1095
11	0.5	8	0.6	1
11	0.5	9	0.3	6
11	0.5	9	0.4	543
11	0.5	9	0.5	1670
11	0.5	9	0.6	12
11	0.5	10	0.3	5
11	0.5	10	0.4	1051
11	0.5	10	0.5	2413
11	0.5	10	0.6	30
11	0.5	11	0.3	2
11	0.5	11	0.4	354
11	0.5	11	0.5	589
11	0.5	11	0.6	32
11	0.5	12	0.4	8
11	0.5	12	0.5	14
11	0.5	12	0.6	2
11	0.6	3	0.5	11
11	0.6	4	0.5	15
11	0.6	5	0.5	4
11	0.6	5	0.6	1
11	0.6	6	0.5	16
11	0.6	6	0.6	4
11	0.6	7	0.5	56
11	0.6	7	0.6	22
11	0.6	8	0.4	1
11	0.6	8	0.5	85
11	0.6	8	0.6	48
11	0.6	9	0.5	222
11	0.6	9	0.6	205
11	0.6	10	0.5	551
11	0.6	10	0.6	1042
11	0.6	10	0.7	3
11	0.6	11	0.5	555
11	0.6	11	0.6	2317
11	0.6	11	0.7	23
11	0.6	12	0.5	302
11	0.6	12	0.6	3427
11	0.6	12	0.7	176
11	0.6	13	0.4	1
11	0.6	13	0.5	164
11	0.6	13	0.6	2609
11	0.6	13	0.7	82
11	0.6	14	0.5	66
11	0.6	14	0.6	648
11	0.6	14	0.7	1
11	0.6	15	0.5	23
11	0.6	15	0.6	68
11	0.6	16	0.5	11
11	0.6	16	0.6	36
11	0.6	17	0.5	4
11	0.6	17	0.6	1
11	0.7	5	0.8	1
11	0.7	6	0.6	1
11	0.7	6	0.7	35
11	0.7	6	0.8	37
11	0.7	7	0.7	372
11	0.7	7	0.8	1218
11	0.7	8	0.7	631
11	0.7	8	0.8	2477
11	0.7	9	0.6	4
11	0.7	9	0.7	1673
11	0.7	9	0.8	1690
11	0.7	10	0.6	16
11	0.7	10	0.7	2450
11	0.7	10	0.8	813
11	0.7	11	0.6	12
11	0.7	11	0.7	727
11	0.7	11	0.8	117
11	0.7	12	0.6	5
11	0.7	12	0.7	93
11	0.7	12	0.8	23
11	0.7	13	0.6	2
11	0.7	13	0.7	46
11	0.7	13	0.8	36
11	0.7	14	0.7	23
11	0.7	14	0.8	69
11	0.7	15	0.7	11
11	0.7	15	0.8	205
11	0.7	16	0.7	2
11	0.7	16	0.8	11
11	0.8	7	0.7	2
11	0.8	7	0.8	14
11	0.8	8	0.6	1
11	0.8	8	0.7	38
11	0.8	8	0.8	76
11	0.8	9	0.6	5
11	0.8	9	0.7	616
11	0.8	9	0.8	225
11	0.8	10	0.6	7
11	0.8	10	0.7	1039
11	0.8	10	0.8	202
11	0.8	11	0.6	4
11	0.8	11	0.7	259
11	0.8	11	0.8	202
11	0.8	12	0.6	2
11	0.8	12	0.7	188
11	0.8	12	0.8	289
11	0.8	13	0.6	1
11	0.8	13	0.7	172
11	0.8	13	0.8	410
11	0.8	13	0.9	2
11	0.8	14	0.6	3
11	0.8	14	0.7	105
11	0.8	14	0.8	1870
11	0.8	14	0.9	32
11	0.8	15	0.6	4
11	0.8	15	0.7	158
11	0.8	15	0.8	6210
11	0.8	15	0.9	23
11	0.8	16	0.7	87
11	0.8	16	0.8	548
11	0.8	17	0.7	4
11	0.8	17	0.8	2
12	0.2	3	0.1	5
12	0.2	3	0.2	59
12	0.2	3	0.3	9
12	0.2	4	0.1	32
12	0.2	4	0.2	37
12	0.2	4	0.3	8
12	0.2	5	0.1	176
12	0.2	5	0.2	71
12	0.2	5	0.3	27
12	0.2	5	0.4	3
12	0.2	6	0.1	116
12	0.2	6	0.2	112
12	0.2	6	0.3	9
12	0.2	7	0.1	32
12	0.2	7	0.2	143
12	0.2	7	0.3	9
12	0.2	7	0.4	1
12	0.2	8	0.1	40
12	0.2	8	0.2	280
12	0.2	8	0.3	24
12	0.2	9	0.1	153
12	0.2	9	0.2	467
12	0.2	9	0.3	22
12	0.2	10	0.1	361
12	0.2	10	0.2	1016
12	0.2	10	0.3	76
12	0.2	11	0.1	605
12	0.2	11	0.2	1628
12	0.2	11	0.3	131
12	0.2	11	0.4	1
12	0.2	12	0.1	691
12	0.2	12	0.2	2027
12	0.2	12	0.3	145
12	0.2	13	0.1	628
12	0.2	13	0.2	1253
12	0.2	13	0.3	73
12	0.2	14	0.1	630
12	0.2	14	0.2	661
12	0.2	14	0.3	55
12	0.2	15	0.1	342
12	0.2	15	0.2	345
12	0.2	15	0.3	24
12	0.2	15	0.4	1
12	0.2	16	0.1	49
12	0.2	16	0.2	60
12	0.2	16	0.3	5
12	0.2	17	0.1	48
12	0.2	17	0.2	18
12	0.2	18	0.1	34
12	0.2	18	0.2	9
12	0.2	19	0.1	27
12	0.2	19	0.2	15
12	0.2	20	0.1	7
12	0.4	3	0.4	52
12	0.4	3	0.5	13
12	0.4	4	0.3	1
12	0.4	4	0.4	128
12	0.4	4	0.5	63
12	0.4	5	0.3	6
12	0.4	5	0.4	188
12	0.4	5	0.5	147
12	0.4	6	0.3	3
12	0.4	6	0.4	266
12	0.4	6	0.5	252
12	0.4	7	0.3	6
12	0.4	7	0.4	534
12	0.4	7	0.5	722
12	0.4	8	0.3	32
12	0.4	8	0.4	745
12	0.4	8	0.5	1099
12	0.4	8	0.6	7
12	0.4	9	0.3	42
12	0.4	9	0.4	861
12	0.4	9	0.5	1406
12	0.4	9	0.6	6
12	0.4	10	0.3	36
12	0.4	10	0.4	1437
12	0.4	10	0.5	1744
12	0.4	10	0.6	2
12	0.4	11	0.3	99
12	0.4	11	0.4	1266
12	0.4	11	0.5	936
12	0.4	12	0.3	3
12	0.4	12	0.4	415
12	0.4	12	0.5	258
12	0.4	13	0.4	15
12	0.4	13	0.5	10
12	0.5	3	0.3	1
12	0.5	3	0.4	32
12	0.5	3	0.5	2
12	0.5	4	0.3	1
12	0.5	4	0.4	33
12	0.5	4	0.5	25
12	0.5	5	0.4	84
12	0.5	5	0.5	90
12	0.5	6	0.3	1
12	0.5	6	0.4	225
12	0.5	6	0.5	236
12	0.5	7	0.3	4
12	0.5	7	0.4	627
12	0.5	7	0.5	709
12	0.5	8	0.3	4
12	0.5	8	0.4	1060
12	0.5	8	0.5	1407
12	0.5	8	0.6	1
12	0.5	9	0.3	8
12	0.5	9	0.4	974
12	0.5	9	0.5	1438
12	0.5	9	0.6	5
12	0.5	10	0.2	1
12	0.5	10	0.3	28
12	0.5	10	0.4	997
12	0.5	10	0.5	1209
12	0.5	10	0.6	9
12	0.5	11	0.3	9
12	0.5	11	0.4	1111
12	0.5	11	0.5	1280
12	0.5	11	0.6	5
12	0.5	12	0.3	3
12	0.5	12	0.4	449
12	0.5	12	0.5	617
12	0.5	13	0.4	39
12	0.5	13	0.5	53
12	0.5	14	0.4	13
12	0.5	14	0.5	10
12	0.6	7	0.5	10
12	0.6	7	0.6	4
12	0.6	8	0.5	28
12	0.6	8	0.6	15
12	0.6	9	0.5	78
12	0.6	9	0.6	66
12	0.6	10	0.5	220
12	0.6	10	0.6	358
12	0.6	11	0.5	301
12	0.6	11	0.6	1340
12	0.6	11	0.7	27
12	0.6	12	0.4	1
12	0.6	12	0.5	342
12	0.6	12	0.6	3700
12	0.6	12	0.7	208
12	0.6	13	0.4	1
12	0.6	13	0.5	295
12	0.6	13	0.6	3942
12	0.6	13	0.7	302
12	0.6	14	0.5	152
12	0.6	14	0.6	1243
12	0.6	14	0.7	70
12	0.6	15	0.5	24
12	0.6	15	0.6	67
12	0.6	16	0.5	3
12	0.6	16	0.6	3
12	0.7	7	0.6	10
12	0.7	7	0.7	1
12	0.7	8	0.6	20
12	0.7	8	0.7	8
12	0.7	8	0.8	2
12	0.7	9	0.6	27
12	0.7	9	0.7	131
12	0.7	9	0.8	27
12	0.7	10	0.6	37
12	0.7	10	0.7	254
12	0.7	10	0.8	48
12	0.7	11	0.6	28
12	0.7	11	0.7	130
12	0.7	11	0.8	22
12	0.7	12	0.6	16
12	0.7	12	0.7	353
12	0.7	12	0.8	152
12	0.7	13	0.6	17
12	0.7	13	0.7	526
12	0.7	13	0.8	441
12	0.7	14	0.6	16
12	0.7	14	0.7	364
12	0.7	14	0.8	2240
12	0.7	14	0.9	50
12	0.7	15	0.6	15
12	0.7	15	0.7	287
12	0.7	15	0.8	6871
12	0.7	15	0.9	24
12	0.7	16	0.6	2
12	0.7	16	0.7	118
12	0.7	16	0.8	556
12	0.7	17	0.7	2
12	0.7	17	0.8	5
12	0.8	11	0.8	3
12	0.8	12	0.7	4
12	0.8	12	0.8	104
12	0.8	13	0.7	15
12	0.8	13	0.8	190
12	0.8	13	0.9	2
12	0.8	14	0.7	29
12	0.8	14	0.8	1240
12	0.8	14	0.9	62
12	0.8	15	0.7	79
12	0.8	15	0.8	4603
12	0.8	15	0.9	13
12	0.8	16	0.7	76
12	0.8	16	0.8	368
12	0.8	17	0.7	11
12	0.8	17	0.8	1
13	0.1	3	0.1	1
13	0.1	3	0.2	20
13	0.1	4	0.1	3
13	0.1	4	0.2	46
13	0.1	5	0.1	5
13	0.1	5	0.2	35
13	0.1	6	0.1	18
13	0.1	6	0.2	52
13	0.1	6	0.3	2
13	0.1	7	0.1	20
13	0.1	7	0.2	42
13	0.1	8	0.1	57
13	0.1	8	0.2	61
13	0.1	8	0.3	4
13	0.1	9	0.1	167
13	0.1	9	0.2	205
13	0.1	9	0.3	21
13	0.1	9	0.4	6
13	0.1	10	0.1	356
13	0.1	10	0.2	340
13	0.1	10	0.3	33
13	0.1	10	0.4	4
13	0.1	11	0.1	534
13	0.1	11	0.2	459
13	0.1	11	0.3	38
13	0.1	11	0.4	2
13	0.1	12	0.1	795
13	0.1	12	0.2	654
13	0.1	12	0.3	19
13	0.1	13	0.1	1372
13	0.1	13	0.2	691
13	0.1	13	0.3	19
13	0.1	14	0.1	1521
13	0.1	14	0.2	695
13	0.1	14	0.3	25
13	0.1	14	0.4	3
13	0.1	15	0.1	866
13	0.1	15	0.2	396
13	0.1	15	0.3	20
13	0.1	15	0.4	9
13	0.1	16	0.1	536
13	0.1	16	0.2	210
13	0.1	16	0.3	25
13	0.1	16	0.4	7
13	0.1	17	0.1	459
13	0.1	17	0.2	227
13	0.1	17	0.3	26
13	0.1	17	0.4	4
13	0.1	18	0.1	423
13	0.1	18	0.2	159
13	0.1	18	0.3	16
13	0.1	19	0.1	276
13	0.1	19	0.2	109
13	0.1	19	0.3	21
13	0.1	20	0.1	159
13	0.1	20	0.2	62
13	0.1	20	0.3	11
13	0.1	21	0.1	113
13	0.1	21	0.2	66
13	0.1	21	0.3	7
13	0.1	22	0.1	83
13	0.1	22	0.2	38
13	0.1	22	0.3	7
13	0.1	23	0.1	72
13	0.1	23	0.2	17
13	0.1	23	0.3	13
13	0.1	24	0	2
13	0.1	24	0.1	22
13	0.1	24	0.2	1
13	0.1	24	0.3	4
13	0.1	25	0	1
13	0.1	25	0.1	1
13	0.1	25	0.3	4
13	0.1	26	0.3	3
13	0.2	3	0.2	2
13	0.2	4	0.2	19
13	0.2	4	0.3	5
13	0.2	5	0.2	9
13	0.2	5	0.3	5
13	0.2	6	0.2	25
13	0.2	6	0.3	3
13	0.2	7	0.1	5
13	0.2	7	0.2	87
13	0.2	7	0.3	9
13	0.2	8	0.1	13
13	0.2	8	0.2	123
13	0.2	8	0.3	25
13	0.2	9	0.1	55
13	0.2	9	0.2	130
13	0.2	9	0.3	29
13	0.2	10	0.1	145
13	0.2	10	0.2	299
13	0.2	10	0.3	38
13	0.2	11	0.1	250
13	0.2	11	0.2	527
13	0.2	11	0.3	67
13	0.2	12	0.1	291
13	0.2	12	0.2	651
13	0.2	12	0.3	59
13	0.2	13	0.1	488
13	0.2	13	0.2	838
13	0.2	13	0.3	67
13	0.2	14	0.1	809
13	0.2	14	0.2	851
13	0.2	14	0.3	47
13	0.2	15	0.1	531
13	0.2	15	0.2	448
13	0.2	15	0.3	30
13	0.2	16	0.1	85
13	0.2	16	0.2	126
13	0.2	16	0.3	10
13	0.2	17	0.1	46
13	0.2	17	0.2	36
13	0.2	17	0.3	3
13	0.2	18	0.1	36
13	0.2	18	0.2	24
13	0.2	18	0.3	7
13	0.2	19	0.1	29
13	0.2	19	0.2	18
13	0.2	19	0.3	2
13	0.2	19	0.4	1
13	0.2	20	0.1	22
13	0.2	20	0.2	26
13	0.2	20	0.3	1
13	0.2	21	0.1	21
13	0.2	21	0.2	10
13	0.2	22	0.1	19
13	0.2	22	0.2	33
13	0.2	22	0.3	1
13	0.2	23	0.1	9
13	0.2	23	0.2	11
13	0.2	24	0.1	5
13	0.2	24	0.2	17
13	0.2	25	0.1	1
13	0.2	25	0.2	8
13	0.2	26	0.1	3
13	0.2	26	0.2	4
13	0.2	27	0.1	2
13	0.2	27	0.2	4
13	0.5	4	0.4	32
13	0.5	4	0.5	14
13	0.5	5	0.3	10
13	0.5	5	0.4	93
13	0.5	5	0.5	50
13	0.5	6	0.3	4
13	0.5	6	0.4	220
13	0.5	6	0.5	243
13	0.5	6	0.6	1
13	0.5	7	0.3	2
13	0.5	7	0.4	578
13	0.5	7	0.5	833
13	0.5	7	0.6	2
13	0.5	8	0.3	2
13	0.5	8	0.4	958
13	0.5	8	0.5	1636
13	0.5	8	0.6	26
13	0.5	9	0.3	4
13	0.5	9	0.4	729
13	0.5	9	0.5	1228
13	0.5	9	0.6	27
13	0.5	10	0.3	1
13	0.5	10	0.4	556
13	0.5	10	0.5	937
13	0.5	10	0.6	18
13	0.5	11	0.3	4
13	0.5	11	0.4	568
13	0.5	11	0.5	869
13	0.5	11	0.6	13
13	0.5	12	0.4	318
13	0.5	12	0.5	840
13	0.5	12	0.6	10
13	0.5	13	0.3	1
13	0.5	13	0.4	256
13	0.5	13	0.5	927
13	0.5	13	0.6	17
13	0.5	14	0.4	105
13	0.5	14	0.5	360
13	0.5	14	0.6	14
13	0.5	15	0.4	13
13	0.5	15	0.5	195
13	0.5	15	0.6	4
13	0.5	16	0.4	8
13	0.5	16	0.5	55
13	0.5	16	0.6	1
13	0.5	17	0.4	7
13	0.5	17	0.5	11
13	0.6	3	0.5	5
13	0.6	3	0.6	4
13	0.6	4	0.5	5
13	0.6	4	0.6	2
13	0.6	5	0.5	23
13	0.6	5	0.6	8
13	0.6	6	0.5	36
13	0.6	6	0.6	12
13	0.6	7	0.5	60
13	0.6	7	0.6	23
13	0.6	8	0.5	41
13	0.6	8	0.6	21
13	0.6	9	0.5	113
13	0.6	9	0.6	99
13	0.6	9	0.7	1
13	0.6	10	0.5	266
13	0.6	10	0.6	394
13	0.6	10	0.7	10
13	0.6	11	0.4	1
13	0.6	11	0.5	254
13	0.6	11	0.6	713
13	0.6	11	0.7	13
13	0.6	12	0.4	4
13	0.6	12	0.5	379
13	0.6	12	0.6	1994
13	0.6	12	0.7	69
13	0.6	13	0.4	4
13	0.6	13	0.5	558
13	0.6	13	0.6	4248
13	0.6	13	0.7	307
13	0.6	14	0.4	7
13	0.6	14	0.5	408
13	0.6	14	0.6	1630
13	0.6	14	0.7	132
13	0.6	14	0.8	40
13	0.6	15	0.4	4
13	0.6	15	0.5	185
13	0.6	15	0.6	225
13	0.6	15	0.7	182
13	0.6	15	0.8	76
13	0.6	16	0.4	4
13	0.6	16	0.5	101
13	0.6	16	0.6	51
13	0.6	16	0.7	64
13	0.6	16	0.8	8
13	0.6	17	0.5	15
13	0.6	17	0.7	1
13	0.7	10	0.7	3
13	0.7	11	0.6	1
13	0.7	11	0.7	15
13	0.7	11	0.8	6
13	0.7	12	0.6	4
13	0.7	12	0.7	67
13	0.7	12	0.8	143
13	0.7	13	0.6	5
13	0.7	13	0.7	510
13	0.7	13	0.8	597
13	0.7	13	0.9	3
13	0.7	14	0.6	1
13	0.7	14	0.7	262
13	0.7	14	0.8	2738
13	0.7	14	0.9	48
13	0.7	15	0.7	165
13	0.7	15	0.8	7649
13	0.7	15	0.9	26
13	0.7	16	0.7	87
13	0.7	16	0.8	463
13	0.7	17	0.7	5
13	0.7	17	0.8	2
13	0.8	11	0.8	1
13	0.8	12	0.8	17
13	0.8	13	0.7	5
13	0.8	13	0.8	386
13	0.8	13	0.9	3
13	0.8	14	0.7	31
13	0.8	14	0.8	2518
13	0.8	14	0.9	55
13	0.8	15	0.7	149
13	0.8	15	0.8	8791
13	0.8	15	0.9	37
13	0.8	16	0.7	140
13	0.8	16	0.8	647
13	0.8	17	0.7	16
13	0.8	17	0.8	4
13	0.9	13	0.8	17
13	0.9	13	0.9	18
13	0.9	14	0.7	6
13	0.9	14	0.8	227
13	0.9	14	0.9	5
13	0.9	15	0.7	17
13	0.9	15	0.8	857
13	0.9	15	0.9	3
13	0.9	16	0.7	31
13	0.9	16	0.8	76
13	0.9	17	0.6	1
13	0.9	17	0.7	19
13	0.9	17	0.8	5
13	0.9	18	0.5	1
13	0.9	18	0.6	7
13	0.9	18	0.7	6
13	0.9	19	0.6	4
14	0.1	3	0.1	7
14	0.1	3	0.2	122
14	0.1	3	0.3	5
14	0.1	4	0.1	5
14	0.1	4	0.2	54
14	0.1	4	0.3	34
14	0.1	5	0.1	4
14	0.1	5	0.2	43
14	0.1	5	0.3	31
14	0.1	6	0.1	2
14	0.1	6	0.2	100
14	0.1	6	0.3	40
14	0.1	6	0.4	2
14	0.1	7	0.1	23
14	0.1	7	0.2	169
14	0.1	7	0.3	31
14	0.1	8	0.1	69
14	0.1	8	0.2	232
14	0.1	8	0.3	26
14	0.1	9	0.1	85
14	0.1	9	0.2	203
14	0.1	9	0.3	36
14	0.1	9	0.4	1
14	0.1	10	0.1	172
14	0.1	10	0.2	285
14	0.1	10	0.3	23
14	0.1	11	0.1	372
14	0.1	11	0.2	386
14	0.1	11	0.3	20
14	0.1	12	0.1	569
14	0.1	12	0.2	559
14	0.1	12	0.3	35
14	0.1	12	0.4	1
14	0.1	13	0.1	841
14	0.1	13	0.2	739
14	0.1	13	0.3	23
14	0.1	14	0.1	1459
14	0.1	14	0.2	962
14	0.1	14	0.3	21
14	0.1	15	0.1	1119
14	0.1	15	0.2	544
14	0.1	15	0.3	18
14	0.1	16	0.1	462
14	0.1	16	0.2	316
14	0.1	16	0.3	43
14	0.1	17	0.1	336
14	0.1	17	0.2	234
14	0.1	17	0.3	18
14	0.1	17	0.4	1
14	0.1	18	0.1	312
14	0.1	18	0.2	164
14	0.1	18	0.3	14
14	0.1	19	0.1	271
14	0.1	19	0.2	133
14	0.1	19	0.3	5
14	0.1	20	0.1	212
14	0.1	20	0.2	93
14	0.1	20	0.3	2
14	0.1	21	0.1	200
14	0.1	21	0.2	43
14	0.1	21	0.3	2
14	0.1	22	0	2
14	0.1	22	0.1	134
14	0.1	22	0.2	19
14	0.1	22	0.3	2
14	0.1	23	0.1	86
14	0.1	23	0.2	17
14	0.1	24	0.1	94
14	0.1	24	0.2	22
14	0.1	25	0.1	51
14	0.1	25	0.2	3
14	0.1	26	0.1	24
14	0.1	27	0.1	5
14	0.1	28	0.1	7
14	0.1	29	0.1	1
14	0.2	4	0.1	6
14	0.2	4	0.2	5
14	0.2	5	0.1	19
14	0.2	5	0.2	28
14	0.2	5	0.3	3
14	0.2	6	0.1	2
14	0.2	6	0.2	12
14	0.2	7	0.1	11
14	0.2	7	0.2	20
14	0.2	7	0.3	12
14	0.2	8	0.1	24
14	0.2	8	0.2	88
14	0.2	8	0.3	26
14	0.2	9	0.1	92
14	0.2	9	0.2	182
14	0.2	9	0.3	45
14	0.2	10	0.1	146
14	0.2	10	0.2	262
14	0.2	10	0.3	52
14	0.2	10	0.4	1
14	0.2	11	0.1	172
14	0.2	11	0.2	338
14	0.2	11	0.3	24
14	0.2	12	0.1	231
14	0.2	12	0.2	461
14	0.2	12	0.3	41
14	0.2	13	0.1	316
14	0.2	13	0.2	555
14	0.2	13	0.3	39
14	0.2	13	0.4	2
14	0.2	14	0.1	460
14	0.2	14	0.2	539
14	0.2	14	0.3	21
14	0.2	14	0.4	1
14	0.2	15	0.1	198
14	0.2	15	0.2	254
14	0.2	15	0.3	12
14	0.2	16	0.1	73
14	0.2	16	0.2	130
14	0.2	16	0.3	1
14	0.2	17	0.1	38
14	0.2	17	0.2	88
14	0.2	17	0.3	2
14	0.2	18	0.1	16
14	0.2	18	0.2	60
14	0.2	18	0.3	10
14	0.2	19	0.1	7
14	0.2	19	0.2	35
14	0.2	19	0.3	13
14	0.2	19	0.4	1
14	0.2	20	0.1	2
14	0.2	20	0.2	18
14	0.2	20	0.3	4
14	0.2	20	0.4	1
14	0.2	21	0.2	1
14	0.5	3	0.4	1
14	0.5	3	0.5	2
14	0.5	4	0.4	4
14	0.5	4	0.5	38
14	0.5	4	0.6	2
14	0.5	5	0.4	22
14	0.5	5	0.5	58
14	0.5	5	0.6	3
14	0.5	6	0.4	87
14	0.5	6	0.5	174
14	0.5	6	0.6	3
14	0.5	7	0.3	1
14	0.5	7	0.4	224
14	0.5	7	0.5	364
14	0.5	7	0.6	10
14	0.5	8	0.3	2
14	0.5	8	0.4	306
14	0.5	8	0.5	709
14	0.5	8	0.6	21
14	0.5	9	0.3	1
14	0.5	9	0.4	240
14	0.5	9	0.5	560
14	0.5	9	0.6	56
14	0.5	10	0.3	1
14	0.5	10	0.4	159
14	0.5	10	0.5	600
14	0.5	10	0.6	141
14	0.5	11	0.4	212
14	0.5	11	0.5	826
14	0.5	11	0.6	269
14	0.5	12	0.3	1
14	0.5	12	0.4	251
14	0.5	12	0.5	1093
14	0.5	12	0.6	327
14	0.5	13	0.4	321
14	0.5	13	0.5	1558
14	0.5	13	0.6	567
14	0.5	13	0.7	1
14	0.5	14	0.4	252
14	0.5	14	0.5	1655
14	0.5	14	0.6	306
14	0.5	14	0.7	1
14	0.5	15	0.4	118
14	0.5	15	0.5	606
14	0.5	15	0.6	94
14	0.5	15	0.7	1
14	0.5	16	0.4	58
14	0.5	16	0.5	226
14	0.5	16	0.6	49
14	0.5	17	0.4	37
14	0.5	17	0.5	79
14	0.5	17	0.6	30
14	0.5	17	0.7	2
14	0.5	18	0.4	21
14	0.5	18	0.5	33
14	0.5	18	0.6	4
14	0.5	19	0.3	1
14	0.5	19	0.4	3
14	0.5	19	0.5	8
14	0.5	19	0.6	1
14	0.6	4	0.5	9
14	0.6	5	0.4	2
14	0.6	5	0.5	15
14	0.6	6	0.4	1
14	0.6	6	0.5	47
14	0.6	6	0.6	7
14	0.6	7	0.4	2
14	0.6	7	0.5	31
14	0.6	7	0.6	1
14	0.6	8	0.4	6
14	0.6	8	0.5	40
14	0.6	8	0.6	19
14	0.6	9	0.4	4
14	0.6	9	0.5	84
14	0.6	9	0.6	34
14	0.6	10	0.4	1
14	0.6	10	0.5	110
14	0.6	10	0.6	130
14	0.6	10	0.7	2
14	0.6	11	0.4	5
14	0.6	11	0.5	192
14	0.6	11	0.6	462
14	0.6	11	0.7	2
14	0.6	12	0.4	15
14	0.6	12	0.5	398
14	0.6	12	0.6	1121
14	0.6	12	0.7	4
14	0.6	13	0.3	1
14	0.6	13	0.4	31
14	0.6	13	0.5	1046
14	0.6	13	0.6	2757
14	0.6	13	0.7	11
14	0.6	14	0.4	44
14	0.6	14	0.5	1159
14	0.6	14	0.6	2325
14	0.6	14	0.7	30
14	0.6	14	0.8	32
14	0.6	15	0.4	11
14	0.6	15	0.5	491
14	0.6	15	0.6	1184
14	0.6	15	0.7	92
14	0.6	15	0.8	36
14	0.6	16	0.4	22
14	0.6	16	0.5	312
14	0.6	16	0.6	349
14	0.6	16	0.7	22
14	0.6	16	0.8	5
14	0.6	17	0.4	6
14	0.6	17	0.5	62
14	0.6	17	0.6	17
14	0.6	17	0.7	3
14	0.6	17	0.8	2
14	0.6	18	0.5	3
14	0.6	18	0.6	3
14	0.7	11	0.7	1
14	0.7	12	0.7	4
14	0.7	12	0.8	26
14	0.7	13	0.7	18
14	0.7	13	0.8	184
14	0.7	13	0.9	1
14	0.7	14	0.7	79
14	0.7	14	0.8	1364
14	0.7	14	0.9	26
14	0.7	15	0.7	85
14	0.7	15	0.8	4162
14	0.7	15	0.9	43
14	0.7	16	0.7	40
14	0.7	16	0.8	255
14	0.7	17	0.7	6
14	0.7	17	0.8	6
14	0.8	11	0.8	1
14	0.8	12	0.7	3
14	0.8	12	0.8	18
14	0.8	12	0.9	1
14	0.8	13	0.7	5
14	0.8	13	0.8	160
14	0.8	13	0.9	2
14	0.8	14	0.7	13
14	0.8	14	0.8	2617
14	0.8	14	0.9	57
14	0.8	15	0.7	134
14	0.8	15	0.8	8932
14	0.8	15	0.9	38
14	0.8	16	0.7	111
14	0.8	16	0.8	695
14	0.8	17	0.7	6
14	0.8	17	0.8	7
14	0.9	11	0.7	2
14	0.9	11	0.8	1
14	0.9	12	0.7	12
14	0.9	12	0.8	103
14	0.9	13	0.7	14
14	0.9	13	0.8	165
14	0.9	13	0.9	4
14	0.9	14	0.7	22
14	0.9	14	0.8	1115
14	0.9	14	0.9	49
14	0.9	15	0.7	71
14	0.9	15	0.8	4078
14	0.9	15	0.9	9
14	0.9	16	0.7	61
14	0.9	16	0.8	281
14	0.9	17	0.7	13
15	0.1	3	0.1	2
15	0.1	3	0.2	40
15	0.1	3	0.3	3
15	0.1	4	0.1	10
15	0.1	4	0.2	33
15	0.1	4	0.3	1
15	0.1	5	0.1	1
15	0.1	5	0.2	19
15	0.1	6	0.1	3
15	0.1	6	0.2	12
15	0.1	6	0.3	2
15	0.1	7	0.1	6
15	0.1	7	0.2	37
15	0.1	7	0.3	7
15	0.1	8	0.1	16
15	0.1	8	0.2	78
15	0.1	8	0.3	3
15	0.1	9	0.1	46
15	0.1	9	0.2	124
15	0.1	9	0.3	17
15	0.1	10	0.1	104
15	0.1	10	0.2	214
15	0.1	10	0.3	8
15	0.1	11	0.1	163
15	0.1	11	0.2	268
15	0.1	11	0.3	19
15	0.1	12	0.1	264
15	0.1	12	0.2	348
15	0.1	12	0.3	40
15	0.1	13	0.1	508
15	0.1	13	0.2	326
15	0.1	13	0.3	16
15	0.1	13	0.4	1
15	0.1	14	0.1	747
15	0.1	14	0.2	412
15	0.1	14	0.3	27
15	0.1	15	0.1	1234
15	0.1	15	0.2	501
15	0.1	15	0.3	28
15	0.1	15	0.4	5
15	0.1	15	0.5	8
15	0.1	16	0.1	1045
15	0.1	16	0.2	502
15	0.1	16	0.3	9
15	0.1	16	0.4	8
15	0.1	16	0.5	11
15	0.1	17	0.1	866
15	0.1	17	0.2	445
15	0.1	17	0.3	27
15	0.1	17	0.4	33
15	0.1	17	0.5	4
15	0.1	17	0.6	3
15	0.1	18	0.1	772
15	0.1	18	0.2	337
15	0.1	18	0.3	72
15	0.1	18	0.4	32
15	0.1	18	0.5	6
15	0.1	18	0.6	1
15	0.1	19	0.1	593
15	0.1	19	0.2	275
15	0.1	19	0.3	45
15	0.1	19	0.4	14
15	0.1	19	0.5	24
15	0.1	20	0.1	435
15	0.1	20	0.2	178
15	0.1	20	0.3	17
15	0.1	20	0.4	9
15	0.1	20	0.5	3
15	0.1	21	0.1	335
15	0.1	21	0.2	115
15	0.1	21	0.3	22
15	0.1	21	0.4	5
15	0.1	22	0.1	246
15	0.1	22	0.2	103
15	0.1	22	0.3	15
15	0.1	22	0.4	3
15	0.1	23	0.1	132
15	0.1	23	0.2	84
15	0.1	23	0.3	4
15	0.1	23	0.4	6
15	0.1	24	0.1	151
15	0.1	24	0.2	28
15	0.1	25	0.1	45
15	0.1	25	0.2	8
15	0.1	26	0.1	24
15	0.1	27	0.1	7
15	0.5	3	0.3	1
15	0.5	4	0.3	6
15	0.5	4	0.4	11
15	0.5	4	0.5	2
15	0.5	5	0.4	1
15	0.5	5	0.5	1
15	0.5	6	0.4	9
15	0.5	6	0.5	19
15	0.5	7	0.4	20
15	0.5	7	0.5	60
15	0.5	8	0.4	58
15	0.5	8	0.5	144
15	0.5	8	0.6	1
15	0.5	9	0.4	57
15	0.5	9	0.5	186
15	0.5	9	0.6	6
15	0.5	10	0.4	80
15	0.5	10	0.5	212
15	0.5	10	0.6	39
15	0.5	10	0.7	1
15	0.5	11	0.3	6
15	0.5	11	0.4	243
15	0.5	11	0.5	419
15	0.5	11	0.6	81
15	0.5	11	0.7	3
15	0.5	12	0.3	7
15	0.5	12	0.4	337
15	0.5	12	0.5	825
15	0.5	12	0.6	166
15	0.5	13	0.3	3
15	0.5	13	0.4	389
15	0.5	13	0.5	1595
15	0.5	13	0.6	444
15	0.5	13	0.7	1
15	0.5	14	0.3	4
15	0.5	14	0.4	487
15	0.5	14	0.5	2126
15	0.5	14	0.6	518
15	0.5	15	0.3	7
15	0.5	15	0.4	442
15	0.5	15	0.5	1786
15	0.5	15	0.6	284
15	0.5	16	0.3	7
15	0.5	16	0.4	309
15	0.5	16	0.5	644
15	0.5	16	0.6	100
15	0.5	17	0.3	13
15	0.5	17	0.4	222
15	0.5	17	0.5	213
15	0.5	17	0.6	19
15	0.5	18	0.3	8
15	0.5	18	0.4	148
15	0.5	18	0.5	14
15	0.5	19	0.4	16
15	0.6	11	0.7	6
15	0.6	12	0.6	4
15	0.6	12	0.7	25
15	0.6	12	0.8	16
15	0.6	13	0.6	23
15	0.6	13	0.7	91
15	0.6	13	0.8	113
15	0.6	13	0.9	3
15	0.6	14	0.5	1
15	0.6	14	0.6	57
15	0.6	14	0.7	395
15	0.6	14	0.8	1705
15	0.6	14	0.9	34
15	0.6	15	0.5	2
15	0.6	15	0.6	361
15	0.6	15	0.7	1048
15	0.6	15	0.8	6684
15	0.6	15	0.9	23
15	0.6	16	0.5	1
15	0.6	16	0.6	163
15	0.6	16	0.7	881
15	0.6	16	0.8	772
15	0.6	17	0.6	64
15	0.6	17	0.7	278
15	0.6	17	0.8	20
15	0.6	18	0.6	17
15	0.6	18	0.7	13
15	0.7	12	0.7	3
15	0.7	12	0.8	18
15	0.7	13	0.7	9
15	0.7	13	0.8	178
15	0.7	14	0.7	42
15	0.7	14	0.8	2336
15	0.7	14	0.9	50
15	0.7	15	0.7	336
15	0.7	15	0.8	8921
15	0.7	15	0.9	34
15	0.7	16	0.7	130
15	0.7	16	0.8	722
15	0.7	17	0.7	10
15	0.7	17	0.8	11
15	0.8	12	0.7	2
15	0.8	12	0.8	19
15	0.8	13	0.7	4
15	0.8	13	0.8	185
15	0.8	13	0.9	4
15	0.8	14	0.7	12
15	0.8	14	0.8	2357
15	0.8	14	0.9	50
15	0.8	15	0.7	180
15	0.8	15	0.8	9109
15	0.8	15	0.9	36
15	0.8	16	0.7	133
15	0.8	16	0.8	698
15	0.8	17	0.7	6
15	0.8	17	0.8	5
15	0.9	10	0.7	1
15	0.9	11	0.7	7
15	0.9	11	0.8	2
15	0.9	12	0.7	7
15	0.9	12	0.8	38
15	0.9	13	0.7	27
15	0.9	13	0.8	155
15	0.9	13	0.9	2
15	0.9	14	0.7	104
15	0.9	14	0.8	1260
15	0.9	14	0.9	22
15	0.9	15	0.7	80
15	0.9	15	0.8	4417
15	0.9	15	0.9	47
15	0.9	16	0.7	39
15	0.9	16	0.8	290
15	0.9	17	0.7	1
15	0.9	17	0.8	1
16	0.1	4	0.1	5
16	0.1	4	0.2	2
16	0.1	5	0.1	11
16	0.1	5	0.2	7
16	0.1	6	0.2	5
16	0.1	6	0.3	2
16	0.1	7	0.2	14
16	0.1	8	0.1	1
16	0.1	8	0.2	28
16	0.1	9	0.1	4
16	0.1	9	0.2	45
16	0.1	9	0.3	3
16	0.1	10	0.1	21
16	0.1	10	0.2	79
16	0.1	10	0.3	7
16	0.1	11	0.1	48
16	0.1	11	0.2	96
16	0.1	11	0.3	14
16	0.1	12	0.1	112
16	0.1	12	0.2	164
16	0.1	12	0.3	12
16	0.1	13	0.1	186
16	0.1	13	0.2	193
16	0.1	13	0.3	14
16	0.1	14	0.1	383
16	0.1	14	0.2	350
16	0.1	14	0.3	28
16	0.1	14	0.4	1
16	0.1	15	0.1	671
16	0.1	15	0.2	487
16	0.1	15	0.3	64
16	0.1	15	0.4	1
16	0.1	16	0.1	1114
16	0.1	16	0.2	546
16	0.1	16	0.3	36
16	0.1	16	0.4	1
16	0.1	16	0.5	5
16	0.1	17	0.1	1184
16	0.1	17	0.2	597
16	0.1	17	0.3	38
16	0.1	17	0.4	6
16	0.1	17	0.5	11
16	0.1	18	0.1	1012
16	0.1	18	0.2	569
16	0.1	18	0.3	34
16	0.1	18	0.4	9
16	0.1	18	0.5	12
16	0.1	19	0.1	908
16	0.1	19	0.2	469
16	0.1	19	0.3	34
16	0.1	19	0.4	16
16	0.1	20	0	2
16	0.1	20	0.1	772
16	0.1	20	0.2	296
16	0.1	20	0.3	37
16	0.1	20	0.4	5
16	0.1	21	0	2
16	0.1	21	0.1	588
16	0.1	21	0.2	172
16	0.1	21	0.3	29
16	0.1	21	0.4	1
16	0.1	22	0	1
16	0.1	22	0.1	397
16	0.1	22	0.2	112
16	0.1	22	0.3	14
16	0.1	23	0	2
16	0.1	23	0.1	222
16	0.1	23	0.2	44
16	0.1	23	0.3	2
16	0.1	24	0	4
16	0.1	24	0.1	170
16	0.1	24	0.2	34
16	0.1	24	0.3	6
16	0.1	25	0	3
16	0.1	25	0.1	118
16	0.1	25	0.2	8
16	0.1	25	0.3	1
16	0.1	26	0	4
16	0.1	26	0.1	63
16	0.1	27	0	2
16	0.1	27	0.1	11
16	0.1	28	0	3
16	0.1	28	0.1	14
16	0.1	29	0.1	2
16	0.5	6	0.4	5
16	0.5	6	0.5	4
16	0.5	7	0.3	1
16	0.5	7	0.4	29
16	0.5	7	0.5	21
16	0.5	7	0.6	5
16	0.5	8	0.3	1
16	0.5	8	0.4	67
16	0.5	8	0.5	68
16	0.5	8	0.6	11
16	0.5	9	0.3	1
16	0.5	9	0.4	122
16	0.5	9	0.5	114
16	0.5	9	0.6	30
16	0.5	10	0.4	98
16	0.5	10	0.5	166
16	0.5	10	0.6	76
16	0.5	10	0.7	1
16	0.5	11	0.4	99
16	0.5	11	0.5	247
16	0.5	11	0.6	220
16	0.5	11	0.7	3
16	0.5	12	0.4	154
16	0.5	12	0.5	475
16	0.5	12	0.6	373
16	0.5	12	0.7	8
16	0.5	13	0.3	1
16	0.5	13	0.4	214
16	0.5	13	0.5	1234
16	0.5	13	0.6	646
16	0.5	13	0.7	28
16	0.5	14	0.4	174
16	0.5	14	0.5	1838
16	0.5	14	0.6	754
16	0.5	14	0.7	29
16	0.5	14	0.8	14
16	0.5	15	0.4	197
16	0.5	15	0.5	2067
16	0.5	15	0.6	662
16	0.5	15	0.7	56
16	0.5	15	0.8	16
16	0.5	16	0.4	168
16	0.5	16	0.5	1525
16	0.5	16	0.6	297
16	0.5	16	0.7	7
16	0.5	17	0.4	80
16	0.5	17	0.5	306
16	0.5	17	0.6	41
16	0.5	18	0.4	21
16	0.5	18	0.5	21
16	0.5	18	0.6	5
16	0.6	9	0.7	4
16	0.6	10	0.7	10
16	0.6	11	0.6	1
16	0.6	11	0.7	19
16	0.6	12	0.6	2
16	0.6	12	0.7	22
16	0.6	12	0.8	21
16	0.6	13	0.6	2
16	0.6	13	0.7	66
16	0.6	13	0.8	123
16	0.6	13	0.9	2
16	0.6	14	0.6	17
16	0.6	14	0.7	178
16	0.6	14	0.8	1591
16	0.6	14	0.9	23
16	0.6	15	0.6	78
16	0.6	15	0.7	775
16	0.6	15	0.8	6592
16	0.6	15	0.9	20
16	0.6	16	0.5	1
16	0.6	16	0.6	457
16	0.6	16	0.7	1226
16	0.6	16	0.8	839
16	0.6	17	0.5	2
16	0.6	17	0.6	178
16	0.6	17	0.7	410
16	0.6	17	0.8	28
16	0.6	18	0.5	2
16	0.6	18	0.6	50
16	0.6	18	0.7	42
16	0.6	19	0.6	16
16	0.6	19	0.7	2
16	0.6	20	0.6	1
16	0.7	11	0.8	1
16	0.7	12	0.7	1
16	0.7	12	0.8	14
16	0.7	13	0.7	3
16	0.7	13	0.8	112
16	0.7	13	0.9	1
16	0.7	14	0.6	2
16	0.7	14	0.7	36
16	0.7	14	0.8	2199
16	0.7	14	0.9	45
16	0.7	15	0.6	1
16	0.7	15	0.7	257
16	0.7	15	0.8	8676
16	0.7	15	0.9	29
16	0.7	16	0.7	540
16	0.7	16	0.8	852
16	0.7	17	0.7	27
16	0.7	17	0.8	4
16	0.8	11	0.8	1
16	0.8	12	0.8	15
16	0.8	13	0.7	2
16	0.8	13	0.8	149
16	0.8	13	0.9	1
16	0.8	14	0.7	33
16	0.8	14	0.8	2249
16	0.8	14	0.9	44
16	0.8	15	0.7	171
16	0.8	15	0.8	9109
16	0.8	15	0.9	35
16	0.8	16	0.7	119
16	0.8	16	0.8	857
16	0.8	17	0.7	10
16	0.8	17	0.8	5
17	0.1	3	0.3	2
17	0.1	3	0.4	1
17	0.1	4	0.2	1
17	0.1	4	0.3	14
17	0.1	4	0.4	13
17	0.1	5	0.1	4
17	0.1	5	0.2	30
17	0.1	5	0.3	32
17	0.1	5	0.4	2
17	0.1	6	0.1	7
17	0.1	6	0.2	42
17	0.1	6	0.3	23
17	0.1	6	0.4	2
17	0.1	7	0.1	7
17	0.1	7	0.2	34
17	0.1	7	0.3	12
17	0.1	7	0.4	1
17	0.1	8	0.1	16
17	0.1	8	0.2	35
17	0.1	8	0.3	6
17	0.1	9	0.1	14
17	0.1	9	0.2	33
17	0.1	9	0.3	5
17	0.1	10	0.1	40
17	0.1	10	0.2	67
17	0.1	10	0.3	7
17	0.1	11	0.1	54
17	0.1	11	0.2	118
17	0.1	11	0.3	14
17	0.1	12	0.1	96
17	0.1	12	0.2	113
17	0.1	12	0.3	37
17	0.1	13	0.1	123
17	0.1	13	0.2	138
17	0.1	13	0.3	14
17	0.1	14	0.1	244
17	0.1	14	0.2	220
17	0.1	14	0.3	29
17	0.1	15	0.1	395
17	0.1	15	0.2	343
17	0.1	15	0.3	72
17	0.1	15	0.4	1
17	0.1	16	0.1	722
17	0.1	16	0.2	388
17	0.1	16	0.3	45
17	0.1	17	0.1	1168
17	0.1	17	0.2	471
17	0.1	17	0.3	59
17	0.1	17	0.4	3
17	0.1	18	0.1	1091
17	0.1	18	0.2	491
17	0.1	18	0.3	69
17	0.1	18	0.4	2
17	0.1	19	0	1
17	0.1	19	0.1	967
17	0.1	19	0.2	441
17	0.1	19	0.3	77
17	0.1	19	0.4	1
17	0.1	20	0	4
17	0.1	20	0.1	726
17	0.1	20	0.2	355
17	0.1	20	0.3	43
17	0.1	20	0.4	1
17	0.1	21	0	1
17	0.1	21	0.1	627
17	0.1	21	0.2	234
17	0.1	21	0.3	23
17	0.1	22	0	3
17	0.1	22	0.1	507
17	0.1	22	0.2	189
17	0.1	22	0.3	28
17	0.1	23	0	12
17	0.1	23	0.1	422
17	0.1	23	0.2	101
17	0.1	23	0.3	25
17	0.1	24	0	12
17	0.1	24	0.1	377
17	0.1	24	0.2	87
17	0.1	24	0.3	9
17	0.1	25	0	8
17	0.1	25	0.1	175
17	0.1	25	0.2	47
17	0.1	25	0.3	6
17	0.1	26	0	13
17	0.1	26	0.1	119
17	0.1	26	0.2	25
17	0.1	26	0.3	2
17	0.1	27	0	11
17	0.1	27	0.1	78
17	0.1	27	0.2	2
17	0.1	28	0	11
17	0.1	28	0.1	30
17	0.1	29	0	2
17	0.1	29	0.1	21
17	0.1	30	0	1
17	0.1	30	0.1	6
17	0.5	7	0.6	2
17	0.5	7	0.7	3
17	0.5	8	0.5	3
17	0.5	8	0.6	11
17	0.5	8	0.7	4
17	0.5	9	0.5	3
17	0.5	9	0.6	50
17	0.5	9	0.7	5
17	0.5	10	0.4	1
17	0.5	10	0.5	18
17	0.5	10	0.6	73
17	0.5	10	0.7	4
17	0.5	11	0.4	1
17	0.5	11	0.5	29
17	0.5	11	0.6	113
17	0.5	11	0.7	6
17	0.5	11	0.8	1
17	0.5	12	0.4	1
17	0.5	12	0.5	36
17	0.5	12	0.6	100
17	0.5	12	0.7	41
17	0.5	12	0.8	8
17	0.5	13	0.4	2
17	0.5	13	0.5	48
17	0.5	13	0.6	164
17	0.5	13	0.7	112
17	0.5	13	0.8	20
17	0.5	13	0.9	1
17	0.5	14	0.4	2
17	0.5	14	0.5	94
17	0.5	14	0.6	246
17	0.5	14	0.7	192
17	0.5	14	0.8	432
17	0.5	14	0.9	8
17	0.5	15	0.4	7
17	0.5	15	0.5	120
17	0.5	15	0.6	395
17	0.5	15	0.7	437
17	0.5	15	0.8	1730
17	0.5	15	0.9	1
17	0.5	16	0.4	15
17	0.5	16	0.5	297
17	0.5	16	0.6	574
17	0.5	16	0.7	838
17	0.5	16	0.8	485
17	0.5	17	0.3	4
17	0.5	17	0.4	28
17	0.5	17	0.5	729
17	0.5	17	0.6	914
17	0.5	17	0.7	686
17	0.5	17	0.8	48
17	0.5	18	0.3	4
17	0.5	18	0.4	54
17	0.5	18	0.5	583
17	0.5	18	0.6	977
17	0.5	18	0.7	255
17	0.5	18	0.8	2
17	0.5	19	0.3	7
17	0.5	19	0.4	54
17	0.5	19	0.5	346
17	0.5	19	0.6	636
17	0.5	19	0.7	36
17	0.5	20	0.3	7
17	0.5	20	0.4	41
17	0.5	20	0.5	262
17	0.5	20	0.6	216
17	0.5	20	0.7	1
17	0.5	21	0.4	18
17	0.5	21	0.5	118
17	0.5	21	0.6	25
17	0.5	22	0.5	16
17	0.6	12	0.7	2
17	0.6	12	0.8	10
17	0.6	13	0.8	97
17	0.6	13	0.9	1
17	0.6	14	0.7	30
17	0.6	14	0.8	1814
17	0.6	14	0.9	44
17	0.6	15	0.6	7
17	0.6	15	0.7	339
17	0.6	15	0.8	7304
17	0.6	15	0.9	23
17	0.6	16	0.6	42
17	0.6	16	0.7	977
17	0.6	16	0.8	1007
17	0.6	17	0.6	275
17	0.6	17	0.7	667
17	0.6	17	0.8	53
17	0.6	18	0.6	44
17	0.6	18	0.7	63
17	0.6	19	0.6	1
17	0.7	12	0.7	2
17	0.7	12	0.8	11
17	0.7	13	0.7	4
17	0.7	13	0.8	69
17	0.7	13	0.9	1
17	0.7	14	0.7	12
17	0.7	14	0.8	965
17	0.7	14	0.9	23
17	0.7	15	0.7	69
17	0.7	15	0.8	4050
17	0.7	15	0.9	12
17	0.7	16	0.7	166
17	0.7	16	0.8	439
17	0.7	17	0.7	152
17	0.7	17	0.8	15
17	0.7	18	0.6	1
17	0.7	18	0.7	9
17	0.8	11	0.8	1
17	0.8	12	0.7	3
17	0.8	12	0.8	10
17	0.8	13	0.7	11
17	0.8	13	0.8	133
17	0.8	13	0.9	3
17	0.8	14	0.7	18
17	0.8	14	0.8	2146
17	0.8	14	0.9	46
17	0.8	15	0.6	1
17	0.8	15	0.7	195
17	0.8	15	0.8	7990
17	0.8	15	0.9	19
17	0.8	16	0.6	1
17	0.8	16	0.7	376
17	0.8	16	0.8	1251
17	0.8	17	0.6	7
17	0.8	17	0.7	258
17	0.8	17	0.8	314
17	0.8	18	0.6	3
17	0.8	18	0.7	14
18	0.1	5	0.3	4
18	0.1	6	0.3	1
18	0.1	7	0.4	1
18	0.1	8	0.2	6
18	0.1	8	0.3	2
18	0.1	8	0.4	1
18	0.1	9	0.1	4
18	0.1	9	0.2	20
18	0.1	9	0.3	10
18	0.1	10	0.1	25
18	0.1	10	0.2	28
18	0.1	10	0.3	21
18	0.1	11	0.1	44
18	0.1	11	0.2	75
18	0.1	11	0.3	25
18	0.1	12	0.1	48
18	0.1	12	0.2	118
18	0.1	12	0.3	25
18	0.1	12	0.4	2
18	0.1	13	0.1	105
18	0.1	13	0.2	172
18	0.1	13	0.3	41
18	0.1	14	0.1	200
18	0.1	14	0.2	259
18	0.1	14	0.3	21
18	0.1	15	0.1	331
18	0.1	15	0.2	275
18	0.1	15	0.3	26
18	0.1	16	0.1	548
18	0.1	16	0.2	284
18	0.1	16	0.3	37
18	0.1	16	0.4	4
18	0.1	17	0.1	886
18	0.1	17	0.2	439
18	0.1	17	0.3	36
18	0.1	18	0.1	1338
18	0.1	18	0.2	484
18	0.1	18	0.3	24
18	0.1	19	0.1	1290
18	0.1	19	0.2	450
18	0.1	19	0.3	13
18	0.1	20	0.1	1098
18	0.1	20	0.2	435
18	0.1	20	0.3	12
18	0.1	21	0.1	854
18	0.1	21	0.2	336
18	0.1	21	0.3	5
18	0.1	22	0.1	619
18	0.1	22	0.2	175
18	0.1	22	0.3	10
18	0.1	23	0	1
18	0.1	23	0.1	477
18	0.1	23	0.2	114
18	0.1	23	0.3	7
18	0.1	24	0	1
18	0.1	24	0.1	371
18	0.1	24	0.2	50
18	0.1	24	0.3	10
18	0.1	25	0	2
18	0.1	25	0.1	251
18	0.1	25	0.2	31
18	0.1	25	0.3	1
18	0.1	26	0	2
18	0.1	26	0.1	99
18	0.1	26	0.2	21
18	0.1	26	0.3	2
18	0.1	27	0.1	64
18	0.1	27	0.2	9
18	0.1	28	0.1	15
18	0.1	28	0.2	3
18	0.1	29	0.1	1
18	0.1	29	0.2	1
18	0.5	9	0.6	1
18	0.5	10	0.6	5
18	0.5	10	0.7	1
18	0.5	11	0.5	1
18	0.5	11	0.6	7
18	0.5	11	0.7	1
18	0.5	12	0.5	2
18	0.5	12	0.6	2
18	0.5	12	0.7	3
18	0.5	12	0.8	6
18	0.5	13	0.5	4
18	0.5	13	0.6	4
18	0.5	13	0.7	16
18	0.5	13	0.8	50
18	0.5	13	0.9	3
18	0.5	14	0.4	3
18	0.5	14	0.5	15
18	0.5	14	0.6	47
18	0.5	14	0.7	99
18	0.5	14	0.8	850
18	0.5	14	0.9	23
18	0.5	15	0.4	1
18	0.5	15	0.5	45
18	0.5	15	0.6	120
18	0.5	15	0.7	456
18	0.5	15	0.8	3479
18	0.5	15	0.9	17
18	0.5	16	0.4	10
18	0.5	16	0.5	71
18	0.5	16	0.6	288
18	0.5	16	0.7	1044
18	0.5	16	0.8	697
18	0.5	17	0.4	14
18	0.5	17	0.5	226
18	0.5	17	0.6	646
18	0.5	17	0.7	808
18	0.5	17	0.8	48
18	0.5	18	0.4	24
18	0.5	18	0.5	589
18	0.5	18	0.6	934
18	0.5	18	0.7	365
18	0.5	19	0.4	46
18	0.5	19	0.5	507
18	0.5	19	0.6	631
18	0.5	19	0.7	16
18	0.5	20	0.4	20
18	0.5	20	0.5	256
18	0.5	20	0.6	146
18	0.5	21	0.4	10
18	0.5	21	0.5	118
18	0.5	21	0.6	16
18	0.5	22	0.4	3
18	0.5	22	0.5	6
18	0.6	12	0.8	3
18	0.6	13	0.7	2
18	0.6	13	0.8	93
18	0.6	13	0.9	2
18	0.6	14	0.7	20
18	0.6	14	0.8	1632
18	0.6	14	0.9	36
18	0.6	15	0.6	1
18	0.6	15	0.7	261
18	0.6	15	0.8	6746
18	0.6	15	0.9	23
18	0.6	16	0.6	13
18	0.6	16	0.7	609
18	0.6	16	0.8	876
18	0.6	17	0.6	49
18	0.6	17	0.7	575
18	0.6	17	0.8	56
18	0.6	18	0.6	316
18	0.6	18	0.7	231
18	0.6	19	0.5	1
18	0.6	19	0.6	51
18	0.6	19	0.7	4
18	0.7	12	0.8	7
18	0.7	13	0.7	1
18	0.7	13	0.8	66
18	0.7	13	0.9	1
18	0.7	14	0.7	2
18	0.7	14	0.8	1026
18	0.7	14	0.9	15
18	0.7	15	0.6	3
18	0.7	15	0.7	158
18	0.7	15	0.8	4129
18	0.7	15	0.9	13
18	0.7	16	0.6	10
18	0.7	16	0.7	334
18	0.7	16	0.8	585
18	0.7	17	0.6	8
18	0.7	17	0.7	390
18	0.7	17	0.8	64
18	0.7	18	0.6	9
18	0.7	18	0.7	179
19	0.1	7	0.2	1
19	0.1	8	0.1	4
19	0.1	8	0.2	1
19	0.1	9	0.1	4
19	0.1	9	0.2	3
19	0.1	9	0.3	2
19	0.1	9	0.4	1
19	0.1	10	0.1	7
19	0.1	10	0.2	14
19	0.1	10	0.3	6
19	0.1	10	0.4	2
19	0.1	11	0.1	5
19	0.1	11	0.2	28
19	0.1	12	0.1	46
19	0.1	12	0.2	52
19	0.1	12	0.3	2
19	0.1	13	0.1	99
19	0.1	13	0.2	76
19	0.1	13	0.3	2
19	0.1	14	0.1	217
19	0.1	14	0.2	101
19	0.1	14	0.3	10
19	0.1	15	0.1	253
19	0.1	15	0.2	161
19	0.1	15	0.3	12
19	0.1	16	0.1	347
19	0.1	16	0.2	230
19	0.1	16	0.3	13
19	0.1	16	0.4	1
19	0.1	17	0.1	564
19	0.1	17	0.2	377
19	0.1	17	0.3	14
19	0.1	17	0.4	1
19	0.1	18	0.1	824
19	0.1	18	0.2	410
19	0.1	18	0.3	19
19	0.1	18	0.4	4
19	0.1	18	0.5	1
19	0.1	19	0.1	1164
19	0.1	19	0.2	400
19	0.1	19	0.3	23
19	0.1	19	0.4	1
19	0.1	20	0.1	1049
19	0.1	20	0.2	356
19	0.1	20	0.3	46
19	0.1	20	0.4	4
19	0.1	21	0.1	1038
19	0.1	21	0.2	324
19	0.1	21	0.3	36
19	0.1	22	0	2
19	0.1	22	0.1	883
19	0.1	22	0.2	305
19	0.1	22	0.3	33
19	0.1	23	0	1
19	0.1	23	0.1	740
19	0.1	23	0.2	238
19	0.1	23	0.3	19
19	0.1	24	0	3
19	0.1	24	0.1	639
19	0.1	24	0.2	110
19	0.1	24	0.3	20
19	0.1	25	0	8
19	0.1	25	0.1	467
19	0.1	25	0.2	85
19	0.1	25	0.3	6
19	0.1	26	0	14
19	0.1	26	0.1	326
19	0.1	26	0.2	64
19	0.1	26	0.3	5
19	0.1	27	0	35
19	0.1	27	0.1	192
19	0.1	27	0.2	39
19	0.1	27	0.3	1
19	0.1	28	0	14
19	0.1	28	0.1	55
19	0.1	28	0.2	21
19	0.1	29	0	13
19	0.1	29	0.1	24
19	0.1	29	0.2	4
19	0.1	30	0	17
19	0.1	30	0.1	20
19	0.1	31	0	29
19	0.1	31	0.1	3
19	0.1	32	0	10
19	0.5	7	0.7	4
19	0.5	7	0.8	7
19	0.5	8	0.7	3
19	0.5	8	0.8	13
19	0.5	9	0.7	2
19	0.5	9	0.8	5
19	0.5	10	0.8	2
19	0.5	11	0.7	2
19	0.5	11	0.8	1
19	0.5	12	0.7	6
19	0.5	12	0.8	9
19	0.5	13	0.5	2
19	0.5	13	0.6	5
19	0.5	13	0.7	24
19	0.5	13	0.8	70
19	0.5	13	0.9	1
19	0.5	14	0.6	14
19	0.5	14	0.7	59
19	0.5	14	0.8	1191
19	0.5	14	0.9	28
19	0.5	15	0.5	1
19	0.5	15	0.6	51
19	0.5	15	0.7	347
19	0.5	15	0.8	4497
19	0.5	15	0.9	14
19	0.5	16	0.5	11
19	0.5	16	0.6	127
19	0.5	16	0.7	847
19	0.5	16	0.8	768
19	0.5	17	0.5	21
19	0.5	17	0.6	374
19	0.5	17	0.7	807
19	0.5	17	0.8	61
19	0.5	18	0.5	95
19	0.5	18	0.6	907
19	0.5	18	0.7	479
19	0.5	18	0.8	2
19	0.5	19	0.4	5
19	0.5	19	0.5	421
19	0.5	19	0.6	891
19	0.5	19	0.7	74
19	0.5	20	0.4	11
19	0.5	20	0.5	242
19	0.5	20	0.6	216
19	0.5	21	0.4	14
19	0.5	21	0.5	49
19	0.5	21	0.6	4
19	0.5	22	0.4	10
19	0.5	22	0.5	6
19	0.6	13	0.8	7
19	0.6	13	0.9	15
19	0.6	14	0.7	3
19	0.6	14	0.8	239
19	0.6	14	0.9	4
19	0.6	15	0.7	34
19	0.6	15	0.8	890
19	0.6	15	0.9	3
19	0.6	16	0.6	5
19	0.6	16	0.7	27
19	0.6	16	0.8	45
19	0.6	17	0.6	9
19	0.6	17	0.7	8
19	0.6	18	0.6	7
19	0.6	19	0.6	4
19	0.7	12	0.8	4
19	0.7	13	0.7	18
19	0.7	13	0.8	37
19	0.7	14	0.7	5
19	0.7	14	0.8	343
19	0.7	14	0.9	12
19	0.7	15	0.7	59
19	0.7	15	0.8	1387
19	0.7	15	0.9	3
19	0.7	16	0.6	1
19	0.7	16	0.7	89
19	0.7	16	0.8	188
19	0.7	17	0.6	12
19	0.7	17	0.7	114
19	0.7	17	0.8	5
19	0.7	18	0.6	44
19	0.7	18	0.7	137
19	0.7	18	0.8	1
19	0.7	19	0.6	56
19	0.7	19	0.7	84
19	0.7	20	0.6	1
20	0.1	8	0.3	7
20	0.1	9	0.2	3
20	0.1	9	0.3	4
20	0.1	10	0.2	9
20	0.1	10	0.3	1
20	0.1	11	0.1	7
20	0.1	11	0.2	9
20	0.1	11	0.3	1
20	0.1	12	0.1	28
20	0.1	12	0.2	40
20	0.1	12	0.3	6
20	0.1	13	0.1	41
20	0.1	13	0.2	81
20	0.1	13	0.3	1
20	0.1	14	0.1	48
20	0.1	14	0.2	85
20	0.1	14	0.3	7
20	0.1	15	0.1	99
20	0.1	15	0.2	130
20	0.1	15	0.3	6
20	0.1	16	0.1	178
20	0.1	16	0.2	179
20	0.1	16	0.3	10
20	0.1	17	0.1	430
20	0.1	17	0.2	266
20	0.1	17	0.3	11
20	0.1	18	0.1	717
20	0.1	18	0.2	403
20	0.1	18	0.3	18
20	0.1	18	0.4	1
20	0.1	19	0.1	1197
20	0.1	19	0.2	435
20	0.1	19	0.3	35
20	0.1	19	0.4	5
20	0.1	19	0.5	3
20	0.1	20	0.1	1724
20	0.1	20	0.2	459
20	0.1	20	0.3	37
20	0.1	20	0.4	10
20	0.1	20	0.5	1
20	0.1	21	0	1
20	0.1	21	0.1	1312
20	0.1	21	0.2	329
20	0.1	21	0.3	29
20	0.1	21	0.4	2
20	0.1	22	0	2
20	0.1	22	0.1	924
20	0.1	22	0.2	315
20	0.1	22	0.3	27
20	0.1	23	0	4
20	0.1	23	0.1	642
20	0.1	23	0.2	209
20	0.1	23	0.3	19
20	0.1	24	0	6
20	0.1	24	0.1	521
20	0.1	24	0.2	122
20	0.1	24	0.3	5
20	0.1	25	0	4
20	0.1	25	0.1	438
20	0.1	25	0.2	81
20	0.1	26	0	16
20	0.1	26	0.1	377
20	0.1	26	0.2	50
20	0.1	27	0	14
20	0.1	27	0.1	277
20	0.1	27	0.2	15
20	0.1	28	0	14
20	0.1	28	0.1	163
20	0.1	28	0.2	5
20	0.1	29	0	12
20	0.1	29	0.1	89
20	0.1	30	0	14
20	0.1	30	0.1	25
20	0.1	31	0	3
20	0.1	31	0.1	2
20	0.5	12	0.6	5
20	0.5	12	0.7	3
20	0.5	12	0.8	1
20	0.5	13	0.6	8
20	0.5	13	0.7	17
20	0.5	13	0.8	57
20	0.5	14	0.6	7
20	0.5	14	0.7	71
20	0.5	14	0.8	1344
20	0.5	14	0.9	26
20	0.5	15	0.6	24
20	0.5	15	0.7	389
20	0.5	15	0.8	5540
20	0.5	15	0.9	9
20	0.5	16	0.6	71
20	0.5	16	0.7	817
20	0.5	16	0.8	844
20	0.5	17	0.5	2
20	0.5	17	0.6	160
20	0.5	17	0.7	752
20	0.5	17	0.8	66
20	0.5	18	0.5	13
20	0.5	18	0.6	474
20	0.5	18	0.7	463
20	0.5	19	0.4	1
20	0.5	19	0.5	81
20	0.5	19	0.6	716
20	0.5	19	0.7	80
20	0.5	20	0.5	332
20	0.5	20	0.6	355
20	0.5	20	0.7	1
20	0.5	21	0.4	3
20	0.5	21	0.5	57
20	0.5	21	0.6	10
20	0.5	22	0.5	1
20	0.6	9	0.7	19
20	0.6	9	0.8	1
20	0.6	10	0.7	25
20	0.6	10	0.8	1
20	0.6	11	0.6	1
20	0.6	11	0.7	7
20	0.6	12	0.7	6
20	0.6	12	0.8	11
20	0.6	13	0.6	1
20	0.6	13	0.7	5
20	0.6	13	0.8	147
20	0.6	13	0.9	1
20	0.6	14	0.6	5
20	0.6	14	0.7	42
20	0.6	14	0.8	1698
20	0.6	14	0.9	38
20	0.6	15	0.6	6
20	0.6	15	0.7	281
20	0.6	15	0.8	6642
20	0.6	15	0.9	32
20	0.6	16	0.6	17
20	0.6	16	0.7	599
20	0.6	16	0.8	810
20	0.6	17	0.6	73
20	0.6	17	0.7	607
20	0.6	17	0.8	54
20	0.6	18	0.5	3
20	0.6	18	0.6	277
20	0.6	18	0.7	436
20	0.6	18	0.8	3
20	0.6	19	0.5	24
20	0.6	19	0.6	479
20	0.6	19	0.7	84
20	0.6	20	0.4	1
20	0.6	20	0.5	26
20	0.6	20	0.6	317
20	0.6	20	0.7	1
20	0.6	21	0.5	12
20	0.6	21	0.6	4
20	0.6	22	0.5	3
20	0.6	23	0.5	1
21	0.1	8	0.2	2
21	0.1	9	0.2	10
21	0.1	9	0.3	14
21	0.1	10	0.2	13
21	0.1	10	0.3	3
21	0.1	11	0.2	6
21	0.1	11	0.3	4
21	0.1	12	0.1	6
21	0.1	12	0.2	23
21	0.1	12	0.3	11
21	0.1	13	0.1	10
21	0.1	13	0.2	55
21	0.1	13	0.3	18
21	0.1	14	0.1	19
21	0.1	14	0.2	87
21	0.1	14	0.3	23
21	0.1	14	0.4	3
21	0.1	15	0.1	36
21	0.1	15	0.2	55
21	0.1	15	0.3	19
21	0.1	16	0.1	60
21	0.1	16	0.2	90
21	0.1	16	0.3	11
21	0.1	16	0.4	1
21	0.1	17	0.1	163
21	0.1	17	0.2	146
21	0.1	17	0.3	18
21	0.1	17	0.4	2
21	0.1	18	0.1	333
21	0.1	18	0.2	233
21	0.1	18	0.3	31
21	0.1	18	0.4	1
21	0.1	19	0.1	654
21	0.1	19	0.2	306
21	0.1	19	0.3	29
21	0.1	19	0.4	2
21	0.1	20	0.1	1154
21	0.1	20	0.2	399
21	0.1	20	0.3	29
21	0.1	21	0	3
21	0.1	21	0.1	1757
21	0.1	21	0.2	483
21	0.1	21	0.3	31
21	0.1	22	0	9
21	0.1	22	0.1	1579
21	0.1	22	0.2	304
21	0.1	22	0.3	8
21	0.1	23	0	9
21	0.1	23	0.1	1181
21	0.1	23	0.2	208
21	0.1	23	0.3	1
21	0.1	24	0	29
21	0.1	24	0.1	1033
21	0.1	24	0.2	145
21	0.1	25	0	20
21	0.1	25	0.1	767
21	0.1	25	0.2	77
21	0.1	26	0	24
21	0.1	26	0.1	468
21	0.1	26	0.2	29
21	0.1	27	0	26
21	0.1	27	0.1	246
21	0.1	27	0.2	4
21	0.1	28	0	25
21	0.1	28	0.1	93
21	0.1	28	0.2	1
21	0.1	29	0	17
21	0.1	29	0.1	86
21	0.1	30	0	32
21	0.1	30	0.1	23
21	0.1	31	0	1
21	0.1	31	0.1	2
21	0.5	9	0.7	3
21	0.5	10	0.7	12
21	0.5	10	0.8	3
21	0.5	11	0.6	6
21	0.5	11	0.7	6
21	0.5	12	0.5	1
21	0.5	12	0.6	1
21	0.5	12	0.7	4
21	0.5	12	0.8	1
21	0.5	13	0.5	2
21	0.5	13	0.6	9
21	0.5	13	0.7	38
21	0.5	13	0.8	20
21	0.5	14	0.5	4
21	0.5	14	0.6	31
21	0.5	14	0.7	91
21	0.5	14	0.8	577
21	0.5	14	0.9	11
21	0.5	15	0.5	14
21	0.5	15	0.6	81
21	0.5	15	0.7	304
21	0.5	15	0.8	2245
21	0.5	15	0.9	3
21	0.5	16	0.5	44
21	0.5	16	0.6	125
21	0.5	16	0.7	674
21	0.5	16	0.8	498
21	0.5	17	0.4	2
21	0.5	17	0.5	87
21	0.5	17	0.6	315
21	0.5	17	0.7	774
21	0.5	17	0.8	58
21	0.5	18	0.3	9
21	0.5	18	0.4	11
21	0.5	18	0.5	181
21	0.5	18	0.6	822
21	0.5	18	0.7	424
21	0.5	19	0.3	10
21	0.5	19	0.4	42
21	0.5	19	0.5	492
21	0.5	19	0.6	1161
21	0.5	19	0.7	74
21	0.5	20	0.3	14
21	0.5	20	0.4	167
21	0.5	20	0.5	1112
21	0.5	20	0.6	814
21	0.5	20	0.7	1
21	0.5	21	0.3	7
21	0.5	21	0.4	197
21	0.5	21	0.5	918
21	0.5	21	0.6	90
21	0.5	22	0.4	81
21	0.5	22	0.5	117
21	0.5	23	0.3	1
21	0.5	23	0.4	9
21	0.5	23	0.5	2
22	0.1	11	0.1	1
22	0.1	11	0.2	2
22	0.1	12	0.1	4
22	0.1	12	0.2	15
22	0.1	13	0.1	3
22	0.1	13	0.2	23
22	0.1	14	0.1	19
22	0.1	14	0.2	23
22	0.1	14	0.3	4
22	0.1	15	0.1	29
22	0.1	15	0.2	51
22	0.1	15	0.3	4
22	0.1	16	0.1	56
22	0.1	16	0.2	86
22	0.1	16	0.3	8
22	0.1	17	0.1	153
22	0.1	17	0.2	136
22	0.1	17	0.3	35
22	0.1	18	0.1	222
22	0.1	18	0.2	173
22	0.1	18	0.3	30
22	0.1	19	0.1	476
22	0.1	19	0.2	232
22	0.1	19	0.3	27
22	0.1	20	0.1	737
22	0.1	20	0.2	315
22	0.1	20	0.3	11
22	0.1	21	0	1
22	0.1	21	0.1	987
22	0.1	21	0.2	406
22	0.1	21	0.3	11
22	0.1	22	0	2
22	0.1	22	0.1	1584
22	0.1	22	0.2	409
22	0.1	22	0.3	22
22	0.1	22	0.4	2
22	0.1	23	0	2
22	0.1	23	0.1	1459
22	0.1	23	0.2	358
22	0.1	23	0.3	14
22	0.1	23	0.4	1
22	0.1	24	0	3
22	0.1	24	0.1	1346
22	0.1	24	0.2	245
22	0.1	24	0.3	10
22	0.1	25	0	11
22	0.1	25	0.1	920
22	0.1	25	0.2	142
22	0.1	25	0.3	1
22	0.1	26	0	28
22	0.1	26	0.1	747
22	0.1	26	0.2	52
22	0.1	27	0	35
22	0.1	27	0.1	517
22	0.1	27	0.2	14
22	0.1	28	0	39
22	0.1	28	0.1	304
22	0.1	28	0.2	4
22	0.1	29	0	56
22	0.1	29	0.1	152
22	0.1	29	0.2	2
22	0.1	30	0	11
22	0.1	30	0.1	28
23	0.1	11	0.3	5
23	0.1	12	0.3	5
23	0.1	13	0.3	5
23	0.1	13	0.4	6
23	0.1	14	0.1	2
23	0.1	14	0.2	4
23	0.1	14	0.3	11
23	0.1	14	0.4	8
23	0.1	15	0.1	13
23	0.1	15	0.2	11
23	0.1	15	0.3	16
23	0.1	15	0.4	2
23	0.1	16	0.1	12
23	0.1	16	0.2	41
23	0.1	16	0.3	24
23	0.1	16	0.4	4
23	0.1	17	0.1	30
23	0.1	17	0.2	37
23	0.1	17	0.3	25
23	0.1	17	0.4	2
23	0.1	18	0.1	53
23	0.1	18	0.2	101
23	0.1	18	0.3	28
23	0.1	18	0.4	2
23	0.1	19	0.1	155
23	0.1	19	0.2	157
23	0.1	19	0.3	40
23	0.1	19	0.4	1
23	0.1	20	0	1
23	0.1	20	0.1	401
23	0.1	20	0.2	281
23	0.1	20	0.3	39
23	0.1	20	0.4	7
23	0.1	20	0.5	1
23	0.1	21	0	3
23	0.1	21	0.1	730
23	0.1	21	0.2	291
23	0.1	21	0.3	42
23	0.1	21	0.4	14
23	0.1	21	0.5	14
23	0.1	22	0	7
23	0.1	22	0.1	1021
23	0.1	22	0.2	406
23	0.1	22	0.3	51
23	0.1	22	0.4	24
23	0.1	22	0.5	5
23	0.1	23	0	30
23	0.1	23	0.1	1668
23	0.1	23	0.2	494
23	0.1	23	0.3	46
23	0.1	23	0.4	33
23	0.1	23	0.5	4
23	0.1	24	0	26
23	0.1	24	0.1	1615
23	0.1	24	0.2	477
23	0.1	24	0.3	29
23	0.1	24	0.4	2
23	0.1	25	0	26
23	0.1	25	0.1	1202
23	0.1	25	0.2	371
23	0.1	25	0.3	43
23	0.1	26	0	23
23	0.1	26	0.1	786
23	0.1	26	0.2	147
23	0.1	26	0.3	11
23	0.1	27	0	48
23	0.1	27	0.1	549
23	0.1	27	0.2	44
23	0.1	28	0	70
23	0.1	28	0.1	371
23	0.1	28	0.2	17
23	0.1	29	0	95
23	0.1	29	0.1	217
23	0.1	29	0.2	1
23	0.1	30	0	73
23	0.1	30	0.1	90
23	0.1	31	0	46
23	0.1	31	0.1	5
23	0.1	32	0	3
24	0.1	15	0.3	4
24	0.1	16	0.1	3
24	0.1	16	0.2	7
24	0.1	16	0.3	6
24	0.1	17	0.1	9
24	0.1	17	0.2	34
24	0.1	17	0.3	10
24	0.1	18	0.1	37
24	0.1	18	0.2	73
24	0.1	18	0.3	4
24	0.1	19	0.1	115
24	0.1	19	0.2	148
24	0.1	19	0.3	14
24	0.1	20	0.1	294
24	0.1	20	0.2	177
24	0.1	20	0.3	33
24	0.1	20	0.4	4
24	0.1	21	0.1	435
24	0.1	21	0.2	263
24	0.1	21	0.3	65
24	0.1	21	0.4	15
24	0.1	21	0.5	5
24	0.1	22	0.1	538
24	0.1	22	0.2	341
24	0.1	22	0.3	112
24	0.1	22	0.4	18
24	0.1	22	0.5	6
24	0.1	23	0	1
24	0.1	23	0.1	844
24	0.1	23	0.2	448
24	0.1	23	0.3	119
24	0.1	23	0.4	16
24	0.1	24	0	12
24	0.1	24	0.1	1372
24	0.1	24	0.2	495
24	0.1	24	0.3	115
24	0.1	24	0.4	2
24	0.1	25	0	23
24	0.1	25	0.1	1320
24	0.1	25	0.2	437
24	0.1	25	0.3	48
24	0.1	26	0	35
24	0.1	26	0.1	1248
24	0.1	26	0.2	343
24	0.1	26	0.3	3
24	0.1	27	0	45
24	0.1	27	0.1	1027
24	0.1	27	0.2	124
24	0.1	27	0.3	5
24	0.1	28	0	100
24	0.1	28	0.1	714
24	0.1	28	0.2	25
24	0.1	29	0	169
24	0.1	29	0.1	480
24	0.1	29	0.2	15
24	0.1	30	0	145
24	0.1	30	0.1	182
24	0.1	30	0.2	1
24	0.1	31	0	76
24	0.1	31	0.1	19
24	0.1	32	0	22
25	0.1	12	0.2	3
25	0.1	13	0.2	1
25	0.1	14	0.2	2
25	0.1	15	0.1	4
25	0.1	15	0.2	4
25	0.1	16	0.1	5
25	0.1	16	0.2	4
25	0.1	16	0.3	2
25	0.1	17	0.1	12
25	0.1	17	0.2	22
25	0.1	17	0.3	2
25	0.1	18	0.1	31
25	0.1	18	0.2	27
25	0.1	18	0.3	3
25	0.1	19	0.1	121
25	0.1	19	0.2	57
25	0.1	20	0.1	193
25	0.1	20	0.2	93
25	0.1	20	0.3	2
25	0.1	21	0.1	277
25	0.1	21	0.2	141
25	0.1	21	0.3	11
25	0.1	21	0.4	2
25	0.1	22	0	6
25	0.1	22	0.1	447
25	0.1	22	0.2	259
25	0.1	22	0.3	25
25	0.1	22	0.4	1
25	0.1	23	0	7
25	0.1	23	0.1	727
25	0.1	23	0.2	330
25	0.1	23	0.3	42
25	0.1	24	0	33
25	0.1	24	0.1	1121
25	0.1	24	0.2	429
25	0.1	24	0.3	32
25	0.1	25	0	33
25	0.1	25	0.1	1634
25	0.1	25	0.2	382
25	0.1	25	0.3	34
25	0.1	26	0	64
25	0.1	26	0.1	1446
25	0.1	26	0.2	233
25	0.1	26	0.3	1
25	0.1	27	0	89
25	0.1	27	0.1	1314
25	0.1	27	0.2	123
25	0.1	28	0	119
25	0.1	28	0.1	1021
25	0.1	28	0.2	22
25	0.1	29	0	278
25	0.1	29	0.1	691
25	0.1	29	0.2	3
25	0.1	30	0	293
25	0.1	30	0.1	323
25	0.1	31	0	157
25	0.1	31	0.1	35
25	0.1	32	0	27
26	0.1	14	0.1	3
26	0.1	14	0.2	1
26	0.1	15	0.1	4
26	0.1	15	0.2	9
26	0.1	15	0.3	1
26	0.1	16	0.1	11
26	0.1	16	0.2	4
26	0.1	17	0.1	28
26	0.1	17	0.2	16
26	0.1	17	0.4	2
26	0.1	18	0.1	45
26	0.1	18	0.2	44
26	0.1	18	0.3	1
26	0.1	18	0.4	1
26	0.1	19	0.1	85
26	0.1	19	0.2	40
26	0.1	19	0.3	4
26	0.1	19	0.4	1
26	0.1	20	0	2
26	0.1	20	0.1	134
26	0.1	20	0.2	68
26	0.1	20	0.3	17
26	0.1	20	0.4	2
26	0.1	21	0	1
26	0.1	21	0.1	126
26	0.1	21	0.2	94
26	0.1	21	0.3	6
26	0.1	22	0	3
26	0.1	22	0.1	277
26	0.1	22	0.2	92
26	0.1	22	0.3	2
26	0.1	23	0	2
26	0.1	23	0.1	428
26	0.1	23	0.2	136
26	0.1	23	0.3	6
26	0.1	24	0	23
26	0.1	24	0.1	800
26	0.1	24	0.2	233
26	0.1	24	0.3	16
26	0.1	25	0	53
26	0.1	25	0.1	1309
26	0.1	25	0.2	299
26	0.1	25	0.3	28
26	0.1	26	0	98
26	0.1	26	0.1	2032
26	0.1	26	0.2	224
26	0.1	26	0.3	12
26	0.1	27	0	203
26	0.1	27	0.1	2057
26	0.1	27	0.2	150
26	0.1	28	0	243
26	0.1	28	0.1	1514
26	0.1	28	0.2	52
26	0.1	29	0	270
26	0.1	29	0.1	818
26	0.1	29	0.2	2
26	0.1	30	0	233
26	0.1	30	0.1	255
26	0.1	31	0	117
26	0.1	31	0.1	27
26	0.1	32	0	36
27	0.1	17	0.1	2
27	0.1	17	0.2	7
27	0.1	18	0.1	22
27	0.1	18	0.2	12
27	0.1	19	0.1	25
27	0.1	19	0.2	9
27	0.1	20	0.1	58
27	0.1	20	0.2	19
27	0.1	20	0.4	6
27	0.1	20	0.5	11
27	0.1	21	0.1	91
27	0.1	21	0.2	15
27	0.1	21	0.4	9
27	0.1	21	0.5	13
27	0.1	22	0.1	148
27	0.1	22	0.2	24
27	0.1	22	0.4	7
27	0.1	23	0	2
27	0.1	23	0.1	268
27	0.1	23	0.2	33
27	0.1	23	0.3	4
27	0.1	23	0.4	2
27	0.1	24	0	1
27	0.1	24	0.1	486
27	0.1	24	0.2	87
27	0.1	24	0.3	17
27	0.1	24	0.4	6
27	0.1	25	0	10
27	0.1	25	0.1	881
27	0.1	25	0.2	117
27	0.1	25	0.3	9
27	0.1	25	0.4	1
27	0.1	26	0	63
27	0.1	26	0.1	1510
27	0.1	26	0.2	165
27	0.1	26	0.3	7
27	0.1	27	0	149
27	0.1	27	0.1	2559
27	0.1	27	0.2	123
27	0.1	27	0.3	1
27	0.1	28	0	335
27	0.1	28	0.1	2101
27	0.1	28	0.2	52
27	0.1	29	0	583
27	0.1	29	0.1	1421
27	0.1	29	0.2	8
27	0.1	30	0	517
27	0.1	30	0.1	553
27	0.1	31	0	200
27	0.1	31	0.1	42
27	0.1	32	0	9
28	0.1	12	0.3	2
28	0.1	13	0.2	1
28	0.1	13	0.3	6
28	0.1	14	0.2	1
28	0.1	14	0.3	18
28	0.1	15	0.2	3
28	0.1	15	0.3	13
28	0.1	16	0.2	1
28	0.1	16	0.3	6
28	0.1	17	0.1	7
28	0.1	17	0.2	10
28	0.1	17	0.3	1
28	0.1	18	0.1	8
28	0.1	18	0.2	6
28	0.1	18	0.3	2
28	0.1	19	0.1	12
28	0.1	19	0.2	15
28	0.1	19	0.3	3
28	0.1	20	0.1	21
28	0.1	20	0.2	12
28	0.1	20	0.3	5
28	0.1	20	0.4	2
28	0.1	21	0.1	63
28	0.1	21	0.2	31
28	0.1	21	0.3	8
28	0.1	22	0.1	82
28	0.1	22	0.2	31
28	0.1	22	0.3	16
28	0.1	22	0.4	4
28	0.1	23	0.1	153
28	0.1	23	0.2	89
28	0.1	23	0.3	12
28	0.1	23	0.4	4
28	0.1	24	0	1
28	0.1	24	0.1	204
28	0.1	24	0.2	92
28	0.1	24	0.3	15
28	0.1	25	0	3
28	0.1	25	0.1	416
28	0.1	25	0.2	155
28	0.1	25	0.3	11
28	0.1	26	0	6
28	0.1	26	0.1	936
28	0.1	26	0.2	182
28	0.1	26	0.3	2
28	0.1	27	0	78
28	0.1	27	0.1	1665
28	0.1	27	0.2	165
28	0.1	28	0	354
28	0.1	28	0.1	2254
28	0.1	28	0.2	84
28	0.1	29	0	857
28	0.1	29	0.1	2206
28	0.1	29	0.2	9
28	0.1	30	0	943
28	0.1	30	0.1	956
28	0.1	31	0	387
28	0.1	31	0.1	94
28	0.1	32	0	77
29	0.1	17	0.2	1
29	0.1	18	0.2	12
29	0.1	19	0.1	3
29	0.1	19	0.2	10
29	0.1	20	0.1	1
29	0.1	20	0.2	11
29	0.1	21	0.1	18
29	0.1	21	0.2	7
29	0.1	22	0.1	21
29	0.1	22	0.2	12
29	0.1	22	0.3	2
29	0.1	23	0.1	48
29	0.1	23	0.2	43
29	0.1	23	0.3	3
29	0.1	24	0	1
29	0.1	24	0.1	133
29	0.1	24	0.2	88
29	0.1	24	0.3	13
29	0.1	25	0	7
29	0.1	25	0.1	271
29	0.1	25	0.2	107
29	0.1	25	0.3	5
29	0.1	26	0	26
29	0.1	26	0.1	570
29	0.1	26	0.2	130
29	0.1	26	0.3	6
29	0.1	27	0	144
29	0.1	27	0.1	1165
29	0.1	27	0.2	161
29	0.1	27	0.3	7
29	0.1	28	0	698
29	0.1	28	0.1	1728
29	0.1	28	0.2	99
29	0.1	29	0	1449
29	0.1	29	0.1	2682
29	0.1	29	0.2	29
29	0.1	30	0	1218
29	0.1	30	0.1	1412
29	0.1	31	0	346
29	0.1	31	0.1	81
29	0.1	32	0	31
29	0.1	33	0	1
3	0.2	2	0.2	27
3	0.2	2	0.3	11
3	0.2	3	0.1	4
3	0.2	3	0.2	4340
3	0.2	3	0.3	2786
3	0.2	3	0.4	51
3	0.2	4	0.1	2
3	0.2	4	0.2	1932
3	0.2	4	0.3	2342
3	0.2	4	0.4	9
3	0.2	5	0.2	324
3	0.2	5	0.3	578
3	0.2	5	0.4	5
3	0.2	6	0.2	55
3	0.2	6	0.3	196
3	0.2	6	0.4	14
3	0.2	7	0.2	15
3	0.2	7	0.3	69
3	0.2	7	0.4	2
3	0.2	8	0.3	19
3	0.2	9	0.2	6
3	0.2	9	0.3	12
3	0.2	10	0.3	1
3	0.3	2	0.2	10
3	0.3	2	0.3	7
3	0.3	3	0.1	2
3	0.3	3	0.2	2407
3	0.3	3	0.3	3261
3	0.3	3	0.4	147
3	0.3	4	0.2	2113
3	0.3	4	0.3	3254
3	0.3	4	0.4	31
3	0.3	5	0.2	266
3	0.3	5	0.3	709
3	0.3	5	0.4	4
3	0.3	6	0.2	64
3	0.3	6	0.3	251
3	0.3	6	0.4	4
3	0.3	7	0.2	23
3	0.3	7	0.3	128
3	0.3	7	0.4	1
3	0.3	8	0.2	10
3	0.3	8	0.3	19
3	0.3	9	0.2	2
3	0.3	9	0.3	19
3	0.3	9	0.4	4
3	0.3	10	0.2	2
3	0.3	10	0.3	17
3	0.3	10	0.4	16
3	0.3	11	0.3	13
3	0.3	11	0.4	13
3	0.3	12	0.3	3
3	0.4	2	0.2	4
3	0.4	2	0.3	7
3	0.4	2	0.4	1
3	0.4	3	0.1	1
3	0.4	3	0.2	1999
3	0.4	3	0.3	5869
3	0.4	3	0.4	1741
3	0.4	3	0.5	122
3	0.4	4	0.2	418
3	0.4	4	0.3	1211
3	0.4	4	0.4	349
3	0.4	4	0.5	78
3	0.4	5	0.2	78
3	0.4	5	0.3	202
3	0.4	5	0.4	131
3	0.4	5	0.5	81
3	0.4	6	0.2	35
3	0.4	6	0.3	60
3	0.4	6	0.4	79
3	0.4	6	0.5	53
3	0.4	7	0.2	9
3	0.4	7	0.3	19
3	0.4	7	0.4	56
3	0.4	7	0.5	76
3	0.4	8	0.3	1
3	0.4	8	0.4	26
3	0.4	8	0.5	48
3	0.4	9	0.3	1
3	0.4	9	0.4	7
3	0.4	9	0.5	24
3	0.4	10	0.4	1
3	0.4	10	0.5	12
3	0.4	11	0.5	1
3	0.5	3	0.3	3
3	0.5	3	0.4	206
3	0.5	3	0.5	376
3	0.5	3	0.6	65
3	0.5	4	0.4	588
3	0.5	4	0.5	1562
3	0.5	4	0.6	95
3	0.5	5	0.3	3
3	0.5	5	0.4	682
3	0.5	5	0.5	973
3	0.5	5	0.6	13
3	0.5	6	0.3	1
3	0.5	6	0.4	282
3	0.5	6	0.5	327
3	0.5	7	0.4	155
3	0.5	7	0.5	166
3	0.5	7	0.6	1
3	0.5	8	0.3	3
3	0.5	8	0.4	39
3	0.5	8	0.5	74
3	0.5	9	0.3	1
3	0.5	9	0.4	11
3	0.5	9	0.5	51
3	0.5	10	0.4	4
3	0.5	10	0.5	19
3	0.6	3	0.4	10
3	0.6	3	0.5	3151
3	0.6	3	0.6	2641
3	0.6	3	0.7	12
3	0.6	4	0.4	2
3	0.6	4	0.5	1141
3	0.6	4	0.6	1032
3	0.6	4	0.7	18
3	0.6	5	0.5	340
3	0.6	5	0.6	240
3	0.6	6	0.5	514
3	0.6	6	0.6	465
3	0.6	7	0.5	430
3	0.6	7	0.6	877
3	0.6	7	0.7	1
3	0.6	8	0.5	178
3	0.6	8	0.6	1042
3	0.6	8	0.7	1
3	0.6	9	0.5	31
3	0.6	9	0.6	462
3	0.6	10	0.5	10
3	0.6	10	0.6	111
3	0.6	11	0.6	36
3	0.6	11	0.7	2
3	0.6	12	0.6	26
3	0.6	12	0.7	17
3	0.6	13	0.6	5
3	0.6	13	0.7	5
4	0.2	2	0.2	2
4	0.2	2	0.3	2
4	0.2	3	0.2	682
4	0.2	3	0.3	625
4	0.2	3	0.4	6
4	0.2	4	0.2	2001
4	0.2	4	0.3	5446
4	0.2	4	0.4	17
4	0.2	5	0.1	2
4	0.2	5	0.2	821
4	0.2	5	0.3	2549
4	0.2	5	0.4	14
4	0.2	6	0.2	129
4	0.2	6	0.3	295
4	0.2	6	0.4	5
4	0.2	7	0.2	28
4	0.2	7	0.3	62
4	0.2	7	0.4	2
4	0.2	8	0.2	16
4	0.2	8	0.3	25
4	0.2	8	0.4	5
4	0.2	9	0.2	3
4	0.2	9	0.3	24
4	0.2	9	0.4	6
4	0.2	10	0.3	27
4	0.2	10	0.4	6
4	0.3	3	0.2	99
4	0.3	3	0.3	185
4	0.3	3	0.4	14
4	0.3	3	0.5	11
4	0.3	4	0.2	1168
4	0.3	4	0.3	6031
4	0.3	4	0.4	75
4	0.3	4	0.5	8
4	0.3	5	0.2	701
4	0.3	5	0.3	3515
4	0.3	5	0.4	29
4	0.3	5	0.5	1
4	0.3	6	0.2	68
4	0.3	6	0.3	380
4	0.3	6	0.4	20
4	0.3	6	0.5	6
4	0.3	7	0.2	41
4	0.3	7	0.3	208
4	0.3	7	0.4	13
4	0.3	7	0.5	1
4	0.3	8	0.2	60
4	0.3	8	0.3	57
4	0.3	9	0.2	30
4	0.3	9	0.3	42
4	0.3	10	0.2	4
4	0.3	10	0.3	24
4	0.3	11	0.3	9
4	0.4	2	0.3	12
4	0.4	2	0.4	3
4	0.4	3	0.2	173
4	0.4	3	0.3	2532
4	0.4	3	0.4	4301
4	0.4	3	0.5	311
4	0.4	3	0.6	9
4	0.4	4	0.2	23
4	0.4	4	0.3	602
4	0.4	4	0.4	2036
4	0.4	4	0.5	349
4	0.4	4	0.6	25
4	0.4	5	0.2	4
4	0.4	5	0.3	130
4	0.4	5	0.4	807
4	0.4	5	0.5	152
4	0.4	5	0.6	3
4	0.4	6	0.2	1
4	0.4	6	0.3	43
4	0.4	6	0.4	399
4	0.4	6	0.5	89
4	0.4	7	0.3	10
4	0.4	7	0.4	247
4	0.4	7	0.5	97
4	0.4	8	0.3	1
4	0.4	8	0.4	174
4	0.4	8	0.5	112
4	0.4	9	0.3	1
4	0.4	9	0.4	87
4	0.4	9	0.5	44
4	0.4	10	0.4	13
4	0.4	10	0.5	9
4	0.4	11	0.4	1
4	0.5	3	0.3	16
4	0.5	3	0.4	295
4	0.5	3	0.5	576
4	0.5	3	0.6	52
4	0.5	4	0.3	24
4	0.5	4	0.4	2222
4	0.5	4	0.5	3932
4	0.5	4	0.6	137
4	0.5	5	0.3	18
4	0.5	5	0.4	1954
4	0.5	5	0.5	2274
4	0.5	5	0.6	13
4	0.5	6	0.3	7
4	0.5	6	0.4	370
4	0.5	6	0.5	368
4	0.5	6	0.6	7
4	0.5	7	0.3	2
4	0.5	7	0.4	142
4	0.5	7	0.5	141
4	0.5	7	0.6	9
4	0.5	8	0.4	62
4	0.5	8	0.5	115
4	0.5	8	0.6	2
4	0.5	9	0.4	15
4	0.5	9	0.5	38
4	0.5	10	0.4	1
4	0.5	10	0.5	8
4	0.6	3	0.4	4
4	0.6	3	0.5	916
4	0.6	3	0.6	268
4	0.6	4	0.4	13
4	0.6	4	0.5	2453
4	0.6	4	0.6	883
4	0.6	5	0.4	11
4	0.6	5	0.5	1266
4	0.6	5	0.6	458
4	0.6	6	0.4	3
4	0.6	6	0.5	1578
4	0.6	6	0.6	1005
4	0.6	7	0.4	1
4	0.6	7	0.5	1081
4	0.6	7	0.6	1260
4	0.6	8	0.5	324
4	0.6	8	0.6	764
4	0.6	9	0.5	71
4	0.6	9	0.6	280
4	0.6	10	0.5	26
4	0.6	10	0.6	119
4	0.6	11	0.5	5
4	0.6	11	0.6	11
5	0.2	3	0.2	4
5	0.2	4	0.1	1
5	0.2	4	0.2	292
5	0.2	4	0.3	221
5	0.2	5	0.1	15
5	0.2	5	0.2	876
5	0.2	5	0.3	151
5	0.2	6	0.1	28
5	0.2	6	0.2	1732
5	0.2	6	0.3	492
5	0.2	6	0.4	7
5	0.2	7	0.1	42
5	0.2	7	0.2	1441
5	0.2	7	0.3	360
5	0.2	7	0.4	9
5	0.2	8	0.1	34
5	0.2	8	0.2	466
5	0.2	8	0.3	98
5	0.2	8	0.4	1
5	0.2	9	0.1	32
5	0.2	9	0.2	167
5	0.2	9	0.3	41
5	0.2	10	0.1	20
5	0.2	10	0.2	85
5	0.2	10	0.3	16
5	0.2	11	0.1	9
5	0.2	11	0.2	38
5	0.2	11	0.3	2
5	0.2	12	0.1	2
5	0.2	12	0.2	13
5	0.2	12	0.3	2
5	0.2	13	0.2	3
5	0.3	3	0.1	1
5	0.3	3	0.2	51
5	0.3	3	0.3	64
5	0.3	3	0.4	57
5	0.3	3	0.5	8
5	0.3	4	0.1	1
5	0.3	4	0.2	317
5	0.3	4	0.3	723
5	0.3	4	0.4	37
5	0.3	4	0.5	1
5	0.3	5	0.1	2
5	0.3	5	0.2	518
5	0.3	5	0.3	1654
5	0.3	5	0.4	75
5	0.3	6	0.2	1823
5	0.3	6	0.3	2760
5	0.3	6	0.4	83
5	0.3	7	0.2	1446
5	0.3	7	0.3	1417
5	0.3	7	0.4	24
5	0.3	8	0.2	389
5	0.3	8	0.3	524
5	0.3	8	0.4	13
5	0.3	9	0.2	190
5	0.3	9	0.3	330
5	0.3	9	0.4	11
5	0.3	10	0.2	72
5	0.3	10	0.3	105
5	0.3	10	0.4	17
5	0.3	11	0.2	65
5	0.3	11	0.3	12
5	0.3	12	0.2	9
5	0.3	12	0.3	1
5	0.4	3	0.2	19
5	0.4	3	0.3	351
5	0.4	3	0.4	1465
5	0.4	3	0.5	172
5	0.4	4	0.3	129
5	0.4	4	0.4	2418
5	0.4	4	0.5	747
5	0.4	4	0.6	1
5	0.4	5	0.3	82
5	0.4	5	0.4	2634
5	0.4	5	0.5	1003
5	0.4	6	0.3	20
5	0.4	6	0.4	792
5	0.4	6	0.5	421
5	0.4	7	0.3	13
5	0.4	7	0.4	595
5	0.4	7	0.5	428
5	0.4	8	0.3	1
5	0.4	8	0.4	421
5	0.4	8	0.5	464
5	0.4	9	0.4	220
5	0.4	9	0.5	260
5	0.4	9	0.6	1
5	0.4	10	0.4	57
5	0.4	10	0.5	80
5	0.4	10	0.6	1
5	0.4	11	0.4	3
5	0.4	11	0.5	2
5	0.5	3	0.3	27
5	0.5	3	0.4	322
5	0.5	3	0.5	151
5	0.5	3	0.6	25
5	0.5	4	0.3	26
5	0.5	4	0.4	1035
5	0.5	4	0.5	672
5	0.5	4	0.6	30
5	0.5	5	0.3	31
5	0.5	5	0.4	1490
5	0.5	5	0.5	730
5	0.5	6	0.3	10
5	0.5	6	0.4	485
5	0.5	6	0.5	228
5	0.5	6	0.6	1
5	0.5	7	0.3	8
5	0.5	7	0.4	287
5	0.5	7	0.5	202
5	0.5	8	0.3	1
5	0.5	8	0.4	164
5	0.5	8	0.5	153
5	0.5	8	0.6	1
5	0.5	9	0.3	1
5	0.5	9	0.4	53
5	0.5	9	0.5	80
5	0.5	10	0.4	28
5	0.5	10	0.5	29
5	0.5	11	0.4	13
5	0.5	11	0.5	15
5	0.5	12	0.4	1
5	0.5	12	0.5	1
5	0.6	3	0.5	24
5	0.6	3	0.6	32
5	0.6	4	0.4	1
5	0.6	4	0.5	206
5	0.6	4	0.6	94
5	0.6	5	0.4	1
5	0.6	5	0.5	814
5	0.6	5	0.6	545
5	0.6	6	0.4	3
5	0.6	6	0.5	2298
5	0.6	6	0.6	1929
5	0.6	7	0.4	2
5	0.6	7	0.5	1799
5	0.6	7	0.6	2217
5	0.6	8	0.4	1
5	0.6	8	0.5	532
5	0.6	8	0.6	1444
5	0.6	9	0.4	1
5	0.6	9	0.5	132
5	0.6	9	0.6	457
5	0.6	9	0.7	4
5	0.6	10	0.5	16
5	0.6	10	0.6	120
5	0.6	10	0.7	3
5	0.6	11	0.5	1
5	0.6	11	0.6	46
5	0.6	11	0.7	4
5	0.6	12	0.6	54
5	0.6	12	0.7	6
5	0.6	13	0.5	1
5	0.6	13	0.6	8
5	0.6	13	0.7	5
6	0.2	3	0.1	22
6	0.2	3	0.2	298
6	0.2	3	0.3	72
6	0.2	4	0.1	13
6	0.2	4	0.2	594
6	0.2	4	0.3	101
6	0.2	5	0.1	44
6	0.2	5	0.2	883
6	0.2	5	0.3	180
6	0.2	5	0.4	10
6	0.2	6	0.1	62
6	0.2	6	0.2	3174
6	0.2	6	0.3	690
6	0.2	6	0.4	1
6	0.2	7	0.1	96
6	0.2	7	0.2	3012
6	0.2	7	0.3	516
6	0.2	7	0.4	3
6	0.2	8	0.1	93
6	0.2	8	0.2	1450
6	0.2	8	0.3	232
6	0.2	8	0.4	1
6	0.2	9	0.1	92
6	0.2	9	0.2	533
6	0.2	9	0.3	94
6	0.2	10	0.1	84
6	0.2	10	0.2	165
6	0.2	10	0.3	32
6	0.2	11	0.1	59
6	0.2	11	0.2	70
6	0.2	11	0.3	3
6	0.2	12	0.1	24
6	0.2	12	0.2	23
6	0.2	13	0.1	28
6	0.2	13	0.2	12
6	0.2	14	0.1	25
6	0.2	14	0.2	9
6	0.3	3	0.2	33
6	0.3	3	0.3	31
6	0.3	4	0.2	75
6	0.3	4	0.3	74
6	0.3	5	0.1	4
6	0.3	5	0.2	537
6	0.3	5	0.3	461
6	0.3	5	0.4	5
6	0.3	6	0.1	23
6	0.3	6	0.2	2909
6	0.3	6	0.3	1957
6	0.3	6	0.4	25
6	0.3	7	0.1	7
6	0.3	7	0.2	2519
6	0.3	7	0.3	1287
6	0.3	7	0.4	13
6	0.3	8	0.1	1
6	0.3	8	0.2	723
6	0.3	8	0.3	872
6	0.3	8	0.4	25
6	0.3	9	0.2	316
6	0.3	9	0.3	555
6	0.3	9	0.4	28
6	0.3	10	0.2	92
6	0.3	10	0.3	157
6	0.3	10	0.4	15
6	0.3	11	0.2	27
6	0.3	11	0.3	23
6	0.3	12	0.2	4
6	0.3	12	0.3	2
6	0.4	3	0.3	28
6	0.4	3	0.4	395
6	0.4	3	0.5	180
6	0.4	3	0.6	16
6	0.4	4	0.3	22
6	0.4	4	0.4	981
6	0.4	4	0.5	674
6	0.4	4	0.6	11
6	0.4	5	0.3	31
6	0.4	5	0.4	1312
6	0.4	5	0.5	911
6	0.4	5	0.6	1
6	0.4	6	0.3	15
6	0.4	6	0.4	475
6	0.4	6	0.5	258
6	0.4	7	0.3	3
6	0.4	7	0.4	308
6	0.4	7	0.5	204
6	0.4	8	0.3	1
6	0.4	8	0.4	231
6	0.4	8	0.5	171
6	0.4	9	0.3	1
6	0.4	9	0.4	98
6	0.4	9	0.5	104
6	0.4	10	0.3	2
6	0.4	10	0.4	44
6	0.4	10	0.5	18
6	0.4	11	0.4	3
6	0.4	11	0.5	2
6	0.5	3	0.3	3
6	0.5	3	0.4	205
6	0.5	3	0.5	385
6	0.5	3	0.6	29
6	0.5	4	0.3	8
6	0.5	4	0.4	948
6	0.5	4	0.5	1594
6	0.5	4	0.6	54
6	0.5	5	0.3	3
6	0.5	5	0.4	997
6	0.5	5	0.5	1204
6	0.5	5	0.6	3
6	0.5	6	0.3	1
6	0.5	6	0.4	325
6	0.5	6	0.5	474
6	0.5	6	0.6	2
6	0.5	7	0.3	2
6	0.5	7	0.4	206
6	0.5	7	0.5	329
6	0.5	7	0.6	1
6	0.5	8	0.4	84
6	0.5	8	0.5	122
6	0.5	9	0.4	78
6	0.5	9	0.5	36
6	0.5	10	0.4	5
6	0.5	10	0.5	2
6	0.6	3	0.5	34
6	0.6	3	0.6	18
6	0.6	4	0.5	160
6	0.6	4	0.6	61
6	0.6	5	0.5	549
6	0.6	5	0.6	293
6	0.6	6	0.4	2
6	0.6	6	0.5	2135
6	0.6	6	0.6	1834
6	0.6	7	0.4	1
6	0.6	7	0.5	1576
6	0.6	7	0.6	2390
6	0.6	8	0.5	479
6	0.6	8	0.6	1954
6	0.6	8	0.7	3
6	0.6	9	0.5	90
6	0.6	9	0.6	805
6	0.6	9	0.7	7
6	0.6	10	0.5	22
6	0.6	10	0.6	225
6	0.6	10	0.7	1
6	0.6	11	0.5	4
6	0.6	11	0.6	47
6	0.6	11	0.7	3
6	0.6	12	0.6	34
6	0.6	12	0.7	15
6	0.6	13	0.5	1
6	0.6	13	0.6	37
6	0.6	13	0.7	16
6	0.6	14	0.6	4
6	0.7	3	0.7	1
6	0.7	4	0.5	3
6	0.7	4	0.6	373
6	0.7	4	0.7	192
6	0.7	5	0.6	96
6	0.7	5	0.7	599
6	0.7	5	0.8	5
6	0.7	6	0.6	122
6	0.7	6	0.7	3394
6	0.7	6	0.8	103
6	0.7	7	0.6	51
6	0.7	7	0.7	3075
6	0.7	7	0.8	368
6	0.7	8	0.6	27
6	0.7	8	0.7	911
6	0.7	8	0.8	531
6	0.7	9	0.6	7
6	0.7	9	0.7	283
6	0.7	9	0.8	239
6	0.7	10	0.6	1
6	0.7	10	0.7	56
6	0.7	10	0.8	47
6	0.7	11	0.6	2
6	0.7	11	0.7	10
6	0.7	11	0.8	4
7	0.2	3	0.2	2
7	0.2	4	0.2	17
7	0.2	4	0.3	3
7	0.2	5	0.1	10
7	0.2	5	0.2	195
7	0.2	5	0.3	11
7	0.2	6	0.1	35
7	0.2	6	0.2	2064
7	0.2	6	0.3	181
7	0.2	7	0.1	86
7	0.2	7	0.2	4564
7	0.2	7	0.3	427
7	0.2	8	0.1	127
7	0.2	8	0.2	2842
7	0.2	8	0.3	184
7	0.2	9	0.1	132
7	0.2	9	0.2	956
7	0.2	9	0.3	88
7	0.2	10	0.1	97
7	0.2	10	0.2	330
7	0.2	10	0.3	49
7	0.2	11	0.1	76
7	0.2	11	0.2	164
7	0.2	11	0.3	46
7	0.2	12	0.1	30
7	0.2	12	0.2	21
7	0.2	12	0.3	12
7	0.2	13	0.1	14
7	0.2	13	0.2	1
7	0.2	13	0.3	10
7	0.2	14	0.1	4
7	0.2	14	0.2	6
7	0.2	14	0.3	10
7	0.2	15	0.2	4
7	0.2	15	0.3	2
7	0.3	3	0.2	1
7	0.3	4	0.1	26
7	0.3	4	0.2	268
7	0.3	4	0.3	202
7	0.3	5	0.1	103
7	0.3	5	0.2	848
7	0.3	5	0.3	188
7	0.3	6	0.1	56
7	0.3	6	0.2	1511
7	0.3	6	0.3	437
7	0.3	6	0.4	1
7	0.3	7	0.1	27
7	0.3	7	0.2	1022
7	0.3	7	0.3	295
7	0.3	8	0.1	19
7	0.3	8	0.2	382
7	0.3	8	0.3	81
7	0.3	9	0.1	32
7	0.3	9	0.2	215
7	0.3	9	0.3	33
7	0.3	10	0.1	31
7	0.3	10	0.2	139
7	0.3	10	0.3	17
7	0.3	11	0.1	10
7	0.3	11	0.2	53
7	0.3	11	0.3	13
7	0.3	12	0.1	12
7	0.3	12	0.2	27
7	0.3	12	0.3	4
7	0.3	13	0.1	8
7	0.3	13	0.2	27
7	0.3	13	0.3	1
7	0.3	14	0.1	8
7	0.3	14	0.2	3
7	0.4	3	0.3	3
7	0.4	3	0.4	60
7	0.4	3	0.5	25
7	0.4	4	0.3	2
7	0.4	4	0.4	537
7	0.4	4	0.5	420
7	0.4	5	0.3	3
7	0.4	5	0.4	679
7	0.4	5	0.5	747
7	0.4	6	0.3	5
7	0.4	6	0.4	430
7	0.4	6	0.5	608
7	0.4	6	0.6	1
7	0.4	7	0.3	2
7	0.4	7	0.4	476
7	0.4	7	0.5	872
7	0.4	8	0.3	2
7	0.4	8	0.4	297
7	0.4	8	0.5	675
7	0.4	8	0.6	1
7	0.4	9	0.3	1
7	0.4	9	0.4	122
7	0.4	9	0.5	292
7	0.4	9	0.6	2
7	0.4	10	0.4	43
7	0.4	10	0.5	83
7	0.4	10	0.6	2
7	0.4	11	0.4	3
7	0.4	11	0.5	7
7	0.5	3	0.3	20
7	0.5	3	0.4	380
7	0.5	3	0.5	110
7	0.5	4	0.3	13
7	0.5	4	0.4	1383
7	0.5	4	0.5	1135
7	0.5	4	0.6	1
7	0.5	5	0.3	8
7	0.5	5	0.4	1623
7	0.5	5	0.5	1703
7	0.5	6	0.3	8
7	0.5	6	0.4	975
7	0.5	6	0.5	1163
7	0.5	7	0.3	4
7	0.5	7	0.4	780
7	0.5	7	0.5	1496
7	0.5	7	0.6	3
7	0.5	8	0.3	6
7	0.5	8	0.4	425
7	0.5	8	0.5	804
7	0.5	9	0.3	1
7	0.5	9	0.4	197
7	0.5	9	0.5	390
7	0.5	10	0.4	66
7	0.5	10	0.5	93
7	0.5	11	0.4	6
7	0.5	11	0.5	7
7	0.6	3	0.5	35
7	0.6	3	0.6	32
7	0.6	4	0.5	96
7	0.6	4	0.6	55
7	0.6	5	0.5	331
7	0.6	5	0.6	175
7	0.6	6	0.5	1115
7	0.6	6	0.6	922
7	0.6	7	0.4	6
7	0.6	7	0.5	1512
7	0.6	7	0.6	2430
7	0.6	8	0.5	906
7	0.6	8	0.6	2887
7	0.6	8	0.7	2
7	0.6	9	0.5	294
7	0.6	9	0.6	1165
7	0.6	9	0.7	2
7	0.6	10	0.5	132
7	0.6	10	0.6	366
7	0.6	10	0.7	3
7	0.6	11	0.5	49
7	0.6	11	0.6	190
7	0.6	11	0.7	9
7	0.6	12	0.5	13
7	0.6	12	0.6	57
7	0.6	12	0.7	8
7	0.6	13	0.6	1
7	0.6	13	0.7	7
7	0.7	3	0.6	2
7	0.7	4	0.5	3
7	0.7	4	0.6	743
7	0.7	4	0.7	253
7	0.7	5	0.6	152
7	0.7	5	0.7	544
7	0.7	5	0.8	1
7	0.7	6	0.6	128
7	0.7	6	0.7	4491
7	0.7	6	0.8	129
7	0.7	7	0.6	95
7	0.7	7	0.7	4375
7	0.7	7	0.8	220
7	0.7	8	0.6	27
7	0.7	8	0.7	1191
7	0.7	8	0.8	79
7	0.7	9	0.6	10
7	0.7	9	0.7	272
7	0.7	9	0.8	30
7	0.7	10	0.6	1
7	0.7	10	0.7	48
7	0.7	10	0.8	4
7	0.7	11	0.7	2
7	0.8	4	0.6	1
7	0.8	4	0.7	10
7	0.8	5	0.7	41
7	0.8	6	0.6	1
7	0.8	6	0.7	88
7	0.8	6	0.8	63
7	0.8	7	0.7	553
7	0.8	7	0.8	2419
7	0.8	8	0.7	1005
7	0.8	8	0.8	4896
7	0.8	9	0.7	558
7	0.8	9	0.8	2419
7	0.8	10	0.7	180
7	0.8	10	0.8	513
7	0.8	11	0.7	26
7	0.8	11	0.8	26
7	0.8	12	0.7	1
8	0.2	3	0.1	1
8	0.2	3	0.2	34
8	0.2	3	0.3	2
8	0.2	4	0.2	141
8	0.2	4	0.3	24
8	0.2	5	0.1	3
8	0.2	5	0.2	150
8	0.2	5	0.3	47
8	0.2	5	0.4	1
8	0.2	6	0.1	8
8	0.2	6	0.2	632
8	0.2	6	0.3	136
8	0.2	6	0.4	1
8	0.2	7	0.1	48
8	0.2	7	0.2	1733
8	0.2	7	0.3	298
8	0.2	7	0.4	10
8	0.2	8	0.1	120
8	0.2	8	0.2	3018
8	0.2	8	0.3	392
8	0.2	8	0.4	35
8	0.2	9	0.1	90
8	0.2	9	0.2	1974
8	0.2	9	0.3	280
8	0.2	9	0.4	28
8	0.2	10	0.1	124
8	0.2	10	0.2	1232
8	0.2	10	0.3	129
8	0.2	10	0.4	4
8	0.2	11	0.1	153
8	0.2	11	0.2	727
8	0.2	11	0.3	76
8	0.2	11	0.4	1
8	0.2	12	0.1	113
8	0.2	12	0.2	342
8	0.2	12	0.3	58
8	0.2	13	0.1	77
8	0.2	13	0.2	192
8	0.2	13	0.3	22
8	0.2	14	0.1	65
8	0.2	14	0.2	128
8	0.2	14	0.3	4
8	0.2	15	0.1	59
8	0.2	15	0.2	81
8	0.2	15	0.3	1
8	0.2	16	0.1	1
8	0.2	16	0.2	5
8	0.4	3	0.3	7
8	0.4	3	0.4	194
8	0.4	3	0.5	49
8	0.4	4	0.3	4
8	0.4	4	0.4	406
8	0.4	4	0.5	292
8	0.4	5	0.3	7
8	0.4	5	0.4	504
8	0.4	5	0.5	464
8	0.4	6	0.3	2
8	0.4	6	0.4	429
8	0.4	6	0.5	373
8	0.4	6	0.6	2
8	0.4	7	0.3	5
8	0.4	7	0.4	381
8	0.4	7	0.5	618
8	0.4	7	0.6	7
8	0.4	8	0.3	4
8	0.4	8	0.4	364
8	0.4	8	0.5	567
8	0.4	8	0.6	5
8	0.4	9	0.3	2
8	0.4	9	0.4	146
8	0.4	9	0.5	377
8	0.4	9	0.6	5
8	0.4	10	0.4	49
8	0.4	10	0.5	163
8	0.4	10	0.6	5
8	0.4	11	0.4	6
8	0.4	11	0.5	34
8	0.4	11	0.6	17
8	0.4	12	0.5	7
8	0.4	12	0.6	5
8	0.5	3	0.3	3
8	0.5	3	0.4	53
8	0.5	3	0.5	19
8	0.5	4	0.3	4
8	0.5	4	0.4	476
8	0.5	4	0.5	348
8	0.5	4	0.6	1
8	0.5	5	0.3	4
8	0.5	5	0.4	759
8	0.5	5	0.5	680
8	0.5	6	0.3	1
8	0.5	6	0.4	540
8	0.5	6	0.5	687
8	0.5	6	0.6	2
8	0.5	7	0.3	1
8	0.5	7	0.4	517
8	0.5	7	0.5	923
8	0.5	7	0.6	3
8	0.5	8	0.3	2
8	0.5	8	0.4	229
8	0.5	8	0.5	658
8	0.5	8	0.6	1
8	0.5	9	0.4	65
8	0.5	9	0.5	255
8	0.5	10	0.4	26
8	0.5	10	0.5	118
8	0.5	10	0.6	2
8	0.5	11	0.4	9
8	0.5	11	0.5	13
8	0.5	12	0.4	1
8	0.6	3	0.4	6
8	0.6	3	0.5	146
8	0.6	3	0.6	12
8	0.6	4	0.5	145
8	0.6	4	0.6	40
8	0.6	5	0.4	3
8	0.6	5	0.5	316
8	0.6	5	0.6	116
8	0.6	6	0.4	6
8	0.6	6	0.5	1004
8	0.6	6	0.6	659
8	0.6	7	0.4	3
8	0.6	7	0.5	1260
8	0.6	7	0.6	1436
8	0.6	8	0.4	6
8	0.6	8	0.5	1251
8	0.6	8	0.6	2200
8	0.6	8	0.7	2
8	0.6	9	0.4	5
8	0.6	9	0.5	673
8	0.6	9	0.6	1069
8	0.6	9	0.7	6
8	0.6	10	0.4	8
8	0.6	10	0.5	435
8	0.6	10	0.6	623
8	0.6	10	0.7	10
8	0.6	11	0.5	220
8	0.6	11	0.6	477
8	0.6	11	0.7	6
8	0.6	12	0.5	66
8	0.6	12	0.6	244
8	0.6	12	0.7	17
8	0.6	13	0.5	16
8	0.6	13	0.6	141
8	0.6	13	0.7	11
8	0.6	14	0.5	3
8	0.6	14	0.6	78
8	0.6	14	0.7	22
8	0.6	14	0.8	9
8	0.6	15	0.5	2
8	0.6	15	0.6	7
8	0.6	15	0.7	7
8	0.6	15	0.8	18
8	0.6	16	0.7	10
8	0.6	16	0.8	4
8	0.6	17	0.7	2
8	0.7	3	0.5	1
8	0.7	3	0.6	32
8	0.7	3	0.7	2
8	0.7	4	0.6	641
8	0.7	4	0.7	242
8	0.7	5	0.6	121
8	0.7	5	0.7	423
8	0.7	5	0.8	2
8	0.7	6	0.6	127
8	0.7	6	0.7	3352
8	0.7	6	0.8	97
8	0.7	7	0.6	66
8	0.7	7	0.7	3449
8	0.7	7	0.8	449
8	0.7	8	0.6	38
8	0.7	8	0.7	1705
8	0.7	8	0.8	795
8	0.7	9	0.6	16
8	0.7	9	0.7	511
8	0.7	9	0.8	468
8	0.7	10	0.6	14
8	0.7	10	0.7	127
8	0.7	10	0.8	85
8	0.7	11	0.6	3
8	0.7	11	0.7	15
8	0.7	11	0.8	12
8	0.7	12	0.7	3
8	0.7	12	0.8	2
8	0.7	13	0.7	1
8	0.7	13	0.8	1
8	0.8	4	0.6	116
8	0.8	4	0.7	58
8	0.8	5	0.6	30
8	0.8	5	0.7	42
8	0.8	6	0.6	13
8	0.8	6	0.7	279
8	0.8	6	0.8	54
8	0.8	7	0.6	7
8	0.8	7	0.7	784
8	0.8	7	0.8	1867
8	0.8	8	0.5	1
8	0.8	8	0.6	6
8	0.8	8	0.7	1178
8	0.8	8	0.8	4377
8	0.8	9	0.6	15
8	0.8	9	0.7	801
8	0.8	9	0.8	2255
8	0.8	10	0.6	6
8	0.8	10	0.7	264
8	0.8	10	0.8	558
8	0.8	11	0.7	39
8	0.8	11	0.8	40
8	0.8	12	0.7	9
8	0.8	12	0.8	1
9	0.2	3	0.1	6
9	0.2	3	0.2	10
9	0.2	3	0.3	1
9	0.2	4	0.1	9
9	0.2	4	0.2	40
9	0.2	5	0.1	4
9	0.2	5	0.2	67
9	0.2	5	0.3	2
9	0.2	6	0.1	9
9	0.2	6	0.2	202
9	0.2	6	0.3	15
9	0.2	7	0.1	59
9	0.2	7	0.2	561
9	0.2	7	0.3	26
9	0.2	7	0.4	1
9	0.2	8	0.1	133
9	0.2	8	0.2	1226
9	0.2	8	0.3	94
9	0.2	8	0.4	3
9	0.2	9	0.1	253
9	0.2	9	0.2	2143
9	0.2	9	0.3	346
9	0.2	9	0.4	5
9	0.2	10	0.1	398
9	0.2	10	0.2	2576
9	0.2	10	0.3	281
9	0.2	10	0.4	8
9	0.2	11	0.1	527
9	0.2	11	0.2	1931
9	0.2	11	0.3	65
9	0.2	12	0.1	305
9	0.2	12	0.2	689
9	0.2	12	0.3	56
9	0.2	13	0.1	141
9	0.2	13	0.2	239
9	0.2	13	0.3	12
9	0.2	14	0.1	121
9	0.2	14	0.2	126
9	0.2	15	0.1	62
9	0.2	15	0.2	39
9	0.2	16	0.1	4
9	0.2	16	0.2	5
9	0.4	3	0.3	9
9	0.4	3	0.4	96
9	0.4	3	0.5	10
9	0.4	4	0.3	10
9	0.4	4	0.4	268
9	0.4	4	0.5	217
9	0.4	5	0.3	4
9	0.4	5	0.4	407
9	0.4	5	0.5	301
9	0.4	6	0.3	6
9	0.4	6	0.4	291
9	0.4	6	0.5	310
9	0.4	7	0.3	2
9	0.4	7	0.4	338
9	0.4	7	0.5	436
9	0.4	8	0.3	8
9	0.4	8	0.4	333
9	0.4	8	0.5	499
9	0.4	8	0.6	2
9	0.4	9	0.3	2
9	0.4	9	0.4	391
9	0.4	9	0.5	613
9	0.4	9	0.6	1
9	0.4	10	0.3	5
9	0.4	10	0.4	581
9	0.4	10	0.5	658
9	0.4	10	0.6	1
9	0.4	11	0.3	1
9	0.4	11	0.4	91
9	0.4	11	0.5	107
9	0.4	11	0.6	1
9	0.4	12	0.4	1
9	0.5	3	0.3	18
9	0.5	3	0.4	261
9	0.5	3	0.5	68
9	0.5	4	0.3	10
9	0.5	4	0.4	625
9	0.5	4	0.5	376
9	0.5	5	0.3	4
9	0.5	5	0.4	701
9	0.5	5	0.5	578
9	0.5	6	0.3	5
9	0.5	6	0.4	559
9	0.5	6	0.5	562
9	0.5	7	0.3	4
9	0.5	7	0.4	580
9	0.5	7	0.5	821
9	0.5	7	0.6	2
9	0.5	8	0.4	413
9	0.5	8	0.5	738
9	0.5	8	0.6	1
9	0.5	9	0.3	2
9	0.5	9	0.4	181
9	0.5	9	0.5	521
9	0.5	9	0.6	1
9	0.5	10	0.3	2
9	0.5	10	0.4	64
9	0.5	10	0.5	175
9	0.5	11	0.4	4
9	0.5	11	0.5	24
9	0.6	3	0.5	6
9	0.6	3	0.6	5
9	0.6	4	0.5	38
9	0.6	4	0.6	8
9	0.6	5	0.4	3
9	0.6	5	0.5	145
9	0.6	5	0.6	54
9	0.6	6	0.4	7
9	0.6	6	0.5	302
9	0.6	6	0.6	159
9	0.6	7	0.4	20
9	0.6	7	0.5	491
9	0.6	7	0.6	325
9	0.6	8	0.4	11
9	0.6	8	0.5	568
9	0.6	8	0.6	567
9	0.6	8	0.7	1
9	0.6	9	0.4	7
9	0.6	9	0.5	1070
9	0.6	9	0.6	1372
9	0.6	9	0.7	8
9	0.6	10	0.4	3
9	0.6	10	0.5	1333
9	0.6	10	0.6	1751
9	0.6	10	0.7	8
9	0.6	11	0.4	3
9	0.6	11	0.5	757
9	0.6	11	0.6	1514
9	0.6	11	0.7	13
9	0.6	12	0.5	312
9	0.6	12	0.6	1024
9	0.6	12	0.7	25
9	0.6	13	0.5	138
9	0.6	13	0.6	549
9	0.6	13	0.7	25
9	0.6	14	0.5	47
9	0.6	14	0.6	116
9	0.6	14	0.7	1
9	0.6	15	0.5	4
9	0.6	15	0.6	10
9	0.7	3	0.7	1
9	0.7	4	0.6	2
9	0.7	4	0.7	28
9	0.7	5	0.6	3
9	0.7	5	0.7	73
9	0.7	6	0.6	5
9	0.7	6	0.7	104
9	0.7	6	0.8	38
9	0.7	7	0.6	4
9	0.7	7	0.7	546
9	0.7	7	0.8	2026
9	0.7	8	0.6	4
9	0.7	8	0.7	1114
9	0.7	8	0.8	4711
9	0.7	9	0.7	974
9	0.7	9	0.8	2347
9	0.7	10	0.7	249
9	0.7	10	0.8	494
9	0.7	11	0.7	33
9	0.7	11	0.8	35
9	0.7	12	0.7	7
9	0.7	12	0.8	2
9	0.8	3	0.7	1
9	0.8	4	0.6	4
9	0.8	4	0.7	12
9	0.8	5	0.6	6
9	0.8	5	0.7	63
9	0.8	6	0.7	98
9	0.8	6	0.8	36
9	0.8	7	0.6	2
9	0.8	7	0.7	582
9	0.8	7	0.8	2076
9	0.8	8	0.6	2
9	0.8	8	0.7	1076
9	0.8	8	0.8	4697
9	0.8	9	0.7	718
9	0.8	9	0.8	2479
9	0.8	10	0.6	1
9	0.8	10	0.7	264
9	0.8	10	0.8	545
9	0.8	11	0.7	41
9	0.8	11	0.8	49
9	0.8	12	0.7	11
9	0.8	12	0.8	3
9	0.8	13	0.7	3
9	0.8	13	0.8	5
9	0.8	14	0.8	9
9	0.8	15	0.8	17
